2
6
9
10
11
12
18
21
22
23
24
26
27
32
33
35
37
39
41
42
45
47
51
53
56
58
60
61
62
63
64
67
68
69
70
77
78
81
83
85
88
89
93
94
95
96
98
99
100
102
103
107
109
111
112
114
119
122
123
125
127
128
133
136
139
141
143
145
147
148
150
151
155
157
158
161
162
164
169
172
174
175
180
181
182
184
185
187
188
191
193
199
200
202
205
206
208
211
215
219
221
224
225
227
228
229
232
235
236
237
239
242
243
245
246
247
252
256
258
260
261
263
265
266
267
269
270
271
274
277
280
281
284
285
286
287
288
289
291
292
294
295
297
298
300
301
302
306
307
308
309
310
312
314
317
318
319
322
326
328
329
330
331
336
337
339
348
349
351
352
355
356
362
368
369
370
371
372
376
377
378
381
383
387
388
389
390
391
392
393
395
398
399
400
402
403
406
407
408
410
411
412
414
415
417
418
420
421
422
425
427
428
430
432
436
437
438
440
441
442
444
445
447
448
450
452
455
457
458
460
466
467
469
470
472
473
474
477
480
481
482
484
485
487
489
493
500
501
502
503
504
505
506
508
509
511
513
517
519
521
522
527
530
531
533
542
545
546
547
548
551
552
554
555
556
557
558
559
561
563
564
565
566
570
573
574
575
577
579
580
583
584
585
587
588
589
593
595
598
600
606
607
608
609
610
611
614
616
617
618
620
621
622
626
629
630
631
632
633
634
635
637
638
639
641
644
645
646
648
649
650
651
653
654
656
658
659
662
663
664
665
666
671
673
675
678
679
681
685
686
687
688
690
691
695
696
697
698
699
701
705
710
712
714
716
719
721
722
724
725
727
729
730
732
733
735
736
737
738
741
743
744
745
749
750
752
753
755
756
759
760
761
763
764
767
768
772
773
776
777
778
782
783
785
790
791
793
795
796
797
798
799
801
802
806
807
811
813
814
816
818
821
822
823
824
825
827
829
832
833
834
835
836
837
839
841
842
847
848
849
851
852
857
860
864
867
868
869
870
871
872
874
876
878
880
881
883
885
886
887
888
890
892
897
900
902
905
907
908
912
915
917
918
920
921
922
924
925
927
930
931
932
937
939
940
943
945
946
948
949
950
951
955
958
960
962
965
968
969
971
972
973
974
976
978
981
982
983
984
985
989
990
994
996
997
999
1000
1001
1003
1010
1013
1016
1020
1021
1024
1026
1028
1036
1037
1039
1041
1042
1043
1045
1046
1047
1049
1050
1052
1053
1056
1057
1058
1059
1060
1062
1064
1066
1068
1069
1073
1075
1081
1086
1087
1088
1090
1094
1095
1098
1102
1106
1107
1108
1110
1115
1118
1124
1126
1128
1132
1133
1135
1139
1142
1145
1148
1149
1150
1151
1154
1155
1156
1159
1165
1166
1167
1169
1171
1174
1176
1177
1178
1179
1180
1181
1182
1186
1187
1190
1192
1194
1197
1199
1202
1203
1204
1206
1207
1209
1211
1212
1213
1214
1215
1216
1221
1223
1224
1226
1228
1229
1230
1232
1236
1239
1241
1242
1243
1244
1246
1247
1249
1251
1254
1262
1267
1270
1272
1274
1275
1276
1283
1286
1289
1293
1294
1295
1296
1297
1306
1307
1310
1312
1313
1320
1321
1322
1323
1326
1328
1329
1330
1331
1333
1335
1338
1341
1342
1343
1346
1349
1350
1351
1353
1354
1356
1360
1361
1362
1364
1365
1366
1367
1369
1370
1371
1372
1373
1375
1379
1382
1384
1391
1392
1395
1396
1398
1399
1401
1404
1405
1407
1408
1410
1412
1413
1417
1418
1420
1428
1429
1430
1432
1440
1441
1442
1443
1445
1448
1450
1451
1452
1453
1457
1463
1465
1466
1467
1468
1469
1470
1472
1475
1477
1480
1481
1482
1483
1484
1485
1487
1488
1489
1491
1492
1493
1495
1496
1503
1509
1511
1513
1515
1516
1521
1522
1524
1525
1526
1527
1528
1529
1531
1534
1537
1538
1539
1543
1544
1549
1553
1556
1559
1560
1561
1562
1565
1567
1569
1570
1573
1575
1579
1581
1583
1584
1585
1587
1588
1590
1591
1592
1594
1598
1599
1600
1601
1602
1603
1604
1605
1606
1607
1609
1612
1613
1614
1615
1617
1618
1619
1620
1621
1622
1624
1626
1627
1629
1631
1632
1637
1641
1644
1646
1648
1649
1650
1652
1654
1656
1657
1658
1661
1662
1663
1664
1665
1666
1667
1668
1669
1672
1673
1674
1678
1686
1690
1693
1694
1695
1697
1698
1700
1701
1706
1709
1716
1718
1721
1722
1724
1726
1727
1733
1735
1738
1739
1742
1743
1745
1746
1748
1751
1753
1755
1756
1757
1760
1762
1763
1764
1765
1766
1768
1769
1772
1773
1777
1779
1782
1784
1786
1787
1789
1791
1792
1793
1797
1800
1801
1802
1806
1807
1808
1812
1814
1816
1817
1820
1821
1823
1825
1826
1831
1835
1836
1837
1839
1840
1841
1843
1848
1852
1853
1854
1858
1859
1865
1866
1867
1869
1873
1876
1877
1878
1879
1880
1881
1882
1884
1885
1886
1887
1888
1891
1892
1893
1894
1895
1896
1897
1899
1900
1901
1904
1905
1908
1909
1912
1915
1916
1917
1918
1921
1922
1923
1924
1926
1927
1931
1932
1939
1940
1941
1942
1945
1947
1948
1949
1950
1952
1954
1957
1959
1961
1962
1963
1970
1972
1973
1974
1977
1979
1983
1984
1985
1988
1989
1990
1998
2000
2001
2002
2004
2005
2007
2011
2017
2018
2023
2024
2025
2026
2027
2030
2033
2036
2037
2039
2040
2041
2045
2046
2047
2048
2051
2053
2054
2056
2057
2058
2059
2061
2065
2067
2068
2073
2076
2078
2082
2085
2087
2089
2090
2092
2093
2094
2095
2100
2103
2105
2106
2107
2110
2111
2112
2114
2115
2116
2117
2118
2119
2120
2121
2122
2123
2124
2126
2127
2133
2135
2138
2143
2144
2145
2149
2150
2152
2153
2155
2156
2157
2158
2162
2163
2164
2166
2168
2169
2170
2171
2176
2178
2180
2181
2182
2186
2187
2188
2189
2190
2191
2192
2193
2196
2197
2199
2200
2201
2202
2206
2207
2208
2209
2212
2213
2215
2216
2219
2221
2222
2225
2226
2227
2230
2233
2234
2236
2238
2239
2241
2242
2245
2248
2249
2254
2257
2265
2266
2270
2272
2276
2278
2279
2284
2285
2288
2291
2292
2293
2294
2296
2297
2298
2299
2301
2302
2303
2306
2308
2309
2311
2313
2321
2323
2329
2330
2331
2332
2335
2339
2340
2342
2344
2347
2350
2353
2357
2358
2359
2361
2362
2364
2366
2367
2370
2371
2374
2376
2377
2380
2382
2386
2390
2392
2395
2396
2397
2398
2401
2402
2403
2404
2405
2406
2408
2410
2412
2414
2420
2421
2422
2425
2427
2429
2430
2431
2435
2436
2437
2438
2439
2441
2443
2445
2446
2451
2452
2454
2455
2456
2459
2460
2463
2464
2466
2467
2468
2470
2471
2474
2475
2478
2480
2481
2482
2488
2490
2492
2497
2500
2501
2502
2507
2508
2509
2511
2513
2514
2516
2517
2518
2519
2520
2522
2523
2526
2531
2534
2535
2538
2540
2544
2545
2549
2550
2551
2552
2553
2554
2556
2560
2562
2563
2565
2566
2568
2570
2571
2573
2574
2578
2580
2581
2584
2585
2587
2589
2591
2593
2595
2600
2601
2602
2603
2604
2607
2609
2610
2611
2612
2613
2615
2618
2619
2620
2624
2625
2629
2630
2631
2633
2635
2640
2643
2645
2646
2654
2655
2656
2657
2659
2661
2662
2663
2666
2667
2669
2670
2671
2672
2673
2677
2682
2684
2685
2686
2688
2691
2696
2698
2700
2703
2707
2710
2713
2715
2716
2718
2720
2721
2727
2728
2729
2732
2733
2737
2739
2740
2742
2744
2745
2746
2747
2750
2752
2753
2754
2758
2762
2766
2767
2770
2771
2772
2776
2781
2785
2786
2789
2791
2792
2793
2794
2795
2796
2800
2801
2802
2805
2808
2809
2810
2811
2813
2814
2818
2820
2824
2825
2826
2827
2830
2833
2835
2836
2837
2839
2842
2843
2847
2848
2849
2851
2853
2854
2857
2859
2860
2861
2862
2863
2864
2865
2868
2869
2870
2872
2876
2878
2879
2880
2883
2885
2889
2892
2894
2895
2896
2897
2898
2901
2902
2903
2905
2906
2908
2910
2911
2914
2916
2920
2922
2923
2928
2929
2933
2935
2936
2939
2941
2944
2945
2946
2947
2950
2952
2955
2956
2957
2958
2959
2960
2962
2963
2964
2967
2969
2971
2972
2983
2984
2985
2986
2987
2988
2990
2991
2994
2996
2998
2999
3000
3002
3003
3006
3008
3013
3015
3016
3017
3018
3019
3022
3024
3026
3029
3032
3039
3040
3044
3049
3050
3051
3053
3054
3055
3056
3059
3061
3066
3067
3069
3070
3073
3074
3075
3076
3079
3080
3087
3088
3089
3090
3091
3095
3096
3100
3102
3105
3108
3112
3114
3115
3116
3117
3122
3123
3125
3126
3127
3129
3130
3133
3134
3135
3138
3140
3141
3143
3144
3147
3149
3151
3153
3156
3159
3163
3164
3168
3171
3173
3174
3176
3177
3178
3181
3183
3185
3186
3188
3190
3192
3194
3195
3196
3198
3199
3201
3202
3203
3205
3207
3209
3210
3211
3212
3214
3215
3216
3217
3218
3220
3222
3224
3226
3228
3229
3231
3234
3235
3236
3237
3239
3243
3244
3246
3247
3249
3252
3253
3254
3256
3257
3258
3259
3260
3262
3269
3270
3271
3275
3276
3278
3279
3280
3281
3283
3285
3288
3289
3290
3291
3292
3294
3297
3298
3300
3301
3302
3303
3304
3305
3308
3310
3311
3312
3317
3319
3321
3322
3323
3324
3325
3327
3329
3330
3336
3337
3339
3340
3341
3344
3351
3352
3353
3356
3357
3358
3359
3360
3362
3363
3364
3365
3367
3368
3373
3374
3375
3377
3379
3380
3381
3382
3388
3389
3392
3393
3394
3398
3399
3403
3408
3409
3410
3412
3413
3414
3416
3417
3418
3419
3421
3422
3423
3424
3428
3429
3432
3433
3435
3436
3437
3440
3443
3445
3448
3449
3451
3454
3455
3457
3458
3460
3463
3464
3465
3466
3468
3472
3475
3478
3480
3484
3486
3487
3489
3490
3491
3497
3500
3503
3506
3507
3508
3509
3511
3512
3513
3514
3515
3517
3518
3520
3521
3523
3524
3525
3529
3534
3535
3536
3538
3541
3543
3544
3545
3547
3548
3549
3552
3553
3554
3555
3556
3557
3558
3559
3562
3563
3568
3571
3573
3574
3576
3580
3582
3584
3585
3587
3588
3590
3591
3593
3595
3598
3599
3600
3601
3602
3606
3607
3613
3617
3618
3619
3621
3629
3630
3632
3636
3638
3642
3643
3645
3646
3647
3648
3649
3651
3652
3656
3657
3659
3660
3661
3663
3664
3665
3666
3667
3670
3672
3673
3675
3676
3677
3678
3679
3682
3684
3686
3688
3689
3693
3694
3695
3697
3699
3702
3704
3706
3707
3709
3710
3712
3716
3717
3719
3722
3725
3728
3731
3732
3733
3734
3735
3737
3739
3742
3743
3746
3748
3749
3751
3754
3756
3757
3760
3762
3764
3769
3770
3771
3774
3776
3781
3785
3786
3788
3790
3793
3795
3800
3803
3804
3807
3808
3810
3811
3812
3813
3816
3818
3820
3822
3828
3831
3832
3834
3837
3838
3839
3841
3844
3845
3848
3849
3854
3855
3857
3859
3861
3864
3865
3867
3868
3869
3871
3875
3876
3878
3879
3885
3886
3891
3892
3893
3896
3899
3900
3903
3904
3907
3909
3910
3911
3912
3915
3916
3918
3919
3920
3922
3927
3929
3931
3932
3934
3937
3939
3944
3945
3946
3948
3949
3950
3951
3952
3953
3954
3960
3961
3962
3965
3966
3969
3972
3974
3976
3977
3978
3979
3984
3987
3988
3990
3991
3992
3993
3994
3996
3997
3999
4000
4001
4003
4007
4008
4009
4010
4011
4012
4013
4014
4017
4018
4021
4025
4028
4029
4030
4031
4032
4037
4038
4039
4040
4042
4043
4044
4045
4047
4051
4052
4057
4058
4059
4062
4063
4065
4066
4067
4069
4072
4074
4075
4077
4082
4083
4087
4090
4091
4093
4094
4100
4102
4103
4104
4105
4109
4110
4111
4113
4114
4115
4116
4117
4118
4119
4120
4121
4124
4126
4128
4130
4132
4134
4138
4140
4143
4146
4147
4149
4150
4153
4154
4157
4159
4161
4163
4168
4171
4172
4174
4176
4177
4179
4181
4184
4185
4187
4189
4194
4196
4199
4201
4202
4205
4206
4208
4209
4210
4212
4213
4214
4215
4216
4217
4219
4221
4225
4229
4230
4234
4235
4238
4240
4242
4243
4244
4246
4247
4249
4251
4254
4257
4258
4259
4260
4261
4265
4267
4272
4275
4276
4277
4278
4280
4284
4286
4289
4291
4292
4293
4295
4296
4297
4299
4301
4302
4303
4304
4307
4308
4310
4311
4313
4314
4315
4319
4327
4330
4332
4340
4341
4342
4343
4345
4346
4348
4349
4350
4351
4353
4354
4358
4360
4361
4362
4364
4365
4367
4368
4369
4373
4375
4376
4378
4380
4381
4384
4387
4388
4389
4391
4392
4395
4397
4398
4399
4403
4404
4406
4410
4411
4412
4413
4414
4416
4419
4420
4421
4422
4423
4425
4427
4430
4432
4435
4436
4437
4438
4442
4444
4445
4448
4449
4450
4451
4453
4455
4456
4459
4461
4462
4463
4464
4468
4471
4472
4474
4475
4476
4478
4482
4483
4485
4486
4487
4488
4489
4491
4494
4500
4501
4504
4508
4509
4512
4515
4519
4520
4522
4525
4526
4528
4530
4533
4535
4537
4539
4540
4541
4545
4547
4550
4551
4553
4554
4558
4560
4561
4562
4563
4564
4565
4570
4571
4573
4574
4575
4576
4577
4580
4582
4583
4584
4587
4592
4599
4601
4603
4604
4609
4610
4613
4614
4615
4616
4618
4619
4620
4621
4623
4625
4626
4627
4628
4630
4633
4637
4640
4643
4644
4646
4649
4650
4651
4652
4655
4657
4658
4660
4662
4664
4665
4666
4667
4669
4671
4672
4674
4677
4678
4680
4681
4683
4686
4696
4697
4698
4699
4700
4701
4702
4703
4704
4705
4708
4709
4713
4714
4716
4720
4723
4730
4734
4735
4736
4740
4742
4744
4745
4747
4749
4750
4753
4754
4755
4758
4759
4760
4763
4770
4772
4774
4775
4778
4781
4782
4783
4784
4788
4791
4792
4793
4794
4795
4797
4799
4800
4801
4802
4804
4806
4807
4808
4809
4810
4813
4814
4815
4816
4820
4821
4822
4825
4826
4827
4828
4829
4832
4833
4834
4835
4837
4838
4839
4842
4844
4846
4848
4849
4851
4853
4855
4860
4861
4862
4863
4866
4868
4869
4870
4871
4877
4878
4880
4883
4885
4886
4887
4889
4890
4891
4892
4893
4895
4897
4898
4899
4900
4901
4902
4903
4904
4906
4908
4910
4912
4915
4918
4919
4921
4922
4926
4928
4932
4934
4935
4936
4937
4938
4940
4942
4943
4944
4950
4952
4953
4955
4958
4959
4960
4961
4962
4963
4964
4965
4975
4976
4978
4979
4981
4982
4984
4985
4986
4987
4989
4991
4995
4996
5000