0
1
17
25
34
40
44
46
59
74
92
101
116
130
137
138
163
168
176
179
189
201
212
213
218
223
230
231
233
241
244
250
251
255
257
283
304
321
327
332
340
342
358
359
363
373
382
413
433
454
462
464
468
476
488
491
498
510
512
523
528
538
543
549
597
602
613
619
628
642
652
667
684
692
709
739
751
765
784
804
808
809
812
815
820
830
843
846
850
889
894
901
914
923
957
967
992
1061
1071
1080
1097
1103
1120
1183
1198
1205
1217
1220
1227
1233
1237
1257
1263
1290
1298
1301
1302
1315
1317
1358
1387
1389
1406
1409
1411
1424
1426
1431
1447
1462
1498
1514
1541
1548
1564
1578
1589
1630
1635
1660
1679
1684
1692
1707
1717
1736
1749
1767
1783
1785
1790
1795
1804
1824
1827
1830
1833
1842
1845
1856
1871
1883
1890
1914
1925
1930
1936
1966
1981
1987
1994
1996
2012
2021
2034
2055
2063
2066
2079
2083
2084
2091
2096
2097
2098
2128
2136
2174
2211
2214
2237
2256
2267
2275
2295
2300
2314
2317
2324
2327
2333
2341
2348
2354
2355
2372
2373
2379
2393
2411
2419
2424
2432
2442
2458
2461
2483
2487
2493
2494
2495
2506
2524
2530
2542
2623
2626
2639
2641
2648
2652
2680
2699
2717
2722
2738
2741
2751
2756
2759
2773
2778
2797
2816
2817
2829
2856
2886
2917
2931
2976
2989
2997
2998
3007
3011
3023
3041
3047
3052
3078
3101
3111
3149
3150
3155
3160
3162
3165
3187
3204
3227
3255
3263
3282
3286
3287
3314
3315
3333
3335
3355
3427
3430
3431
3432
3434
3452
3456
3481
3495
3498
3522
3527
3565
3567
3575
3579
3592
3604
3612
3614
3615
3616
3633
3637
3658
3662
3676
3680
3691
3729
3730
3736
3740
3775
3789
3817
3826
3837
3852
3856
3881
3882
3897
3901
3928
3930
3938
3971
3980
4019
4020
4024
4053
4056
4079
4099
4108
4145
4167
4170
4173
4183
4195
4198
4218
4222
4236
4239
4255
4262
4266
4271
4285
4318
4333
4336
4366
4383
4407
4417
4426
4465
4468
4473
4477
4495
4498
4517
4531
4544
4557
4579
4590
4617
4631
4638
4645
4647
4682
4688
4693
4706
4726
4739
4752
4756
4762
4764
4786
4790
4818
4831
4857
4876
4882
4905
4913
4914
4920
4947
4972
4974
4977
5023
5024
5034
5043
5050
5054
5073
5075
5081
5098
5118
5122
5138
5151
5206
5225
5248
5249
5256
5299
5310
5311
5319
5332
5333
5363
5377
5383
5384
5396
5408
5437
5458
5492
5504
5516
5526
5547
5549
5570
5586
5599
5605
5621
5634
5641
5646
5655
5660
5681
5688
5693
5695
5699
5745
5756
5765
5776
5782
5785
5787
5790
5794
5804
5809
5810
5845
5850
5854
5874
5882
5910
5916
5919
5933
5951
5959
5964
5976
5995
6032
6037
6044
6066
6085
6086
6087
6093
6118
6125
6134
6150
6154
6169
6178
6201
6247
6272
6273
6294
6306
6349
6359
6374
6375
6378
6387
6390
6408
6457
6465
6484
6497
6516
6524
6526
6528
6544
6558
6559
6589
6619
6645
6676
6686
6692
6718
6739
6748
6756
6770
6777
6780
6783
6793
6809
6825
6848
6857
6888
6929
6932
6939
6940
6948
6955
6973
6992
7004
7016
7056
7075
7078
7086
7104
7126
7131
7155
7157
7160
7202
7214
7221
7264
7295
7315
7318
7321
7322
7335
7338
7343
7377
7385
7400
7402
7406
7419
7439
7443
7454
7462
7470
7476
7482
7488
7495
7543
7557
7594
7596
7597
7605
7624
7645
7653
7687
7689
7695
7702
7707
7712
7717
7728
7737
7765
7799
7811
7821
7823
7832
7867
7877
7879
7885
7886
7898
7906
7921
7936
7941
7950
7962
7971
7976
7981
7986
7992
8026
8044
8052
8073
8097
8113
8143
8151
8158
8161
8168
8183
8185
8186
8190
8197
8217
8227
8228
8230
8254
8261
8266
8269
8279
8281
8353
8354
8378
8386
8403
8437
8440
8451
8476
8477
8483
8495
8505
8508
8514
8520
8568
8578
8584
8599
8604
8608
8609
8625
8629
8644
8647
8671
8676
8677
8705
8717
8724
8749
8752
8757
8759
8782
8798
8804
8834
8837
8838
8847
8850
8870
8882
8889
8900
8910
8937
8941
8976
8984
8989
9008
9017
9028
9049
9073
9079
9080
9103
9105
9110
9123
9148
9168
9179
9186
9189
9192
9194
9205
9215
9230
9233
9244
9255
9256
9308
9321
9334
9354
9369
9388
9393
9433
9468
9476
9479
9483
9490
9505
9544
9550
9563
9569
9606
9617
9619
9636
9639
9642
9649
9664
9678
9680
9690
9698
9700
9708
9731
9732
9744
9746
9759
9832
9835
9843
9844
9877
9885
9904
9915
9919
9920
9928
9944
9961
9979
9983
10007
10048
10049
10069
10077
10090
10179
10190
10199
10236
10250
10261
10263
10283
10291
10306
10316
10322
10329
10337
10359
10372
10376
10405
10407
10413
10428
10453
10462
10468
10475
10481
10488
10504
10506
10522
10540
10543
10544
10548
10549
10553
10572
10573
10577
10596
10597
10599
10606
10618
10623
10635
10638
10657
10665
10668
10684
10686
10693
10699
10711
10715
10716
10725
10741
10742
10760
10776
10781
10787
10800
10808
10810
10811
10876
10923
10934
10959
10964
10973
10975
11041
11046
11065
11087
11104
11114
11124
11144
11146
11176
11191
11215
11257
11309
11311
11332
11338
11349
11353
11355
11375
11388
11389
11392
11393
11426
11433
11435
11470
11478
11484
11501
11524
11527
11530
11532
11549
11565
11604
11619
11633
11641
11661
11710
11715
11724
11725
11739
11753
11758
11792
11806
11812
11818
11821
11868
11869
11876
11902
11918
11923
11936
11951
11961
11968
11972
11993
12000
12009
12053
12066
12078
12084
12101
12141
12153
12160
12196
12210
12212
12226
12228
12271
12276
12277
12283
12284
12291
12313
12314
12323
12324
12340
12359
12364
12368
12375
12388
12396
12401
12407
12409
12418
12420
12423
12427
12440
12442
12459
12474
12476
12481
12484
12503
12528
12547
12559
12591
12615
12659
12670
12685
12688
12690
12693
12698
12700
12722
12730
12752
12758
12767
12768
12792
12810
12825
12839
12866
12868
12879
12907
12912
12919
12956
12964
12965
12966
12970
12975
13006
13019
13046
13048
13059
13060
13066
13082
13086
13090
13091
13115
13116
13117
13130
13135
13149
13156
13165
13186
13191
13192
13194
13199
13210
13212
13216
13264
13266
13270
13293
13298
13346
13358
13361
13362
13363
13374
13381
13394
13407
13412
13433
13446
13465
13477
13500
13502
13507
13523
13524
13538
13547
13562
13565
13567
13572
13595
13598
13604
13633
13634
13658
13659
13660
13669
13680
13686
13687
13718
13778
13797
13812
13824
13836
13911
13917
13924
13926
13927
13940
13977
13984
14008
14021
14027
14031
14036
14051
14054
14067
14136
14143
14162
14167
14177
14185
14196
14216
14219
14242
14252
14254
14276
14278
14324
14330
14344
14346
14356
14369
14377
14385
14405
14406
14413
14423
14425
14431
14450
14454
14474
14475
14539
14624
14642
14653
14671
14688
14692
14706
14716
14717
14721
14742
14757
14773
14781
14811
14812
14815
14817
14854
14873
14878
14885
14892
14913
14919
14944
14952
14989
15007
15033
15046
15056
15061
15083
15084
15085
15086
15090
15106
15108
15114
15147
15189
15221
15277
15285
15311
15312
15324
15330
15334
15351
15355
15356
15366
15378
15401
15430
15460
15462
15470
15476
15492
15495
15501
15509
15515
15517
15534
15555
15578
15591
15608
15618
15638
15639
15664
15697
15711
15722
15749
15755
15759
15781
15795
15825
15836
15854
15857
15863
15919
15947
15962
15966
15973
15975
15988
15990
16024
16025
16033
16110
16159
16170
16182
16193
16209
16220
16237
16247
16252
16256
16260
16275
16276
16284
16294
16296
16308
16313
16315
16322
16359
16374
16376
16408
16414
16422
16426
16434
16461
16471
16476
16484
16521
16523
16559
16607
16618
16620
16629
16646
16672
16686
16726
16747
16748
16750
16753
16765
16787
16799
16807
16829
16849
16851
16864
16869
16879
16890
16913
16922
16926
16965
16979
16984
16992
16995
16996
17002
17026
17048
17070
17080
17092
17098
17113
17115
17117
17139
17159
17160
17165
17204
17213
17218
17232
17239
17261
17265
17266
17267
17268
17283
17286
17296
17309
17310
17314
17351
17352
17390
17429
17431
17447
17472
17532
17545
17566
17568
17586
17615
17620
17625
17635
17638
17647
17652
17662
17670
17692
17731
17740
17742
17743
17764
17786
17815
17839
17840
17855
17865
17869
17882
17890
17891
17910
17921
17940
17944
17993
18027
18044
18057
18058
18085
18087
18111
18113
18116
18120
18134
18146
18151
18157
18169
18171
18172
18198
18205
18206
18210
18211
18212
18240
18244
18273
18274
18318
18342
18347
18359
18395
18399
18407
18433
18435
18458
18474
18482
18490
18491
18494
18525
18540
18545
18552
18561
18569
18582
18584
18587
18596
18618
18619
18638
18639
18640
18662
18677
18705
18730
18740
18745
18756
18822
18872
18908
18918
18919
18927
18956
18958
18976
19005
19017
19044
19053
19069
19077
19081
19095
19101
19110
19112
19127
19137
19140
19145
19182
19194
19206
19228
19236
19239
19243
19298
19302
19304
19309
19313
19338
19350
19351
19399
19403
19411
19416
19446
19449
19473
19478
19480
19497
19510
19521
19525
19542
19544
19548
19555
19563
19573
19579
19580
19582
19594
19600
19604
19610
19666
19672
19707
19739
19751
19757
19796
19844
19845
19859
19865
19871
19892
19898
19900
19903
19908
19933
19935
19945
19956
19958
19971
19995
20003
20010
20021
20022
20069
20070
20093
20096
20100
20101
20110
20113
20116
20140
20147
20153
20164
20206
20217
20235
20239
20241
20253
20262
20273
20306
20307
20313
20336
20339
20369
20378
20387
20405
20422
20428
20439
20443
20459
20461
20468
20471
20477
20502
20517
20556
20571
20586
20597
20607
20625
20626
20631
20649
20678
20685
20697
20706
20719
20735
20742
20748
20750
20752
20776
20804
20812
20818
20820
20844
20850
20864
20874
20885
20917
20966
20979
21003
21005
21035
21040
21047
21051
21073
21077
21078
21084
21087
21119
21160
21168
21177
21182
21205
21207
21219
21275
21277
21297
21299
21311
21312
21333
21337
21343
21346
21347
21350
21373
21378
21423
21436
21438
21440
21441
21443
21452
21464
21527
21537
21559
21571
21590
21606
21626
21636
21649
21688
21718
21750
21757
21770
21775
21777
21779
21795
21851
21856
21858
21865
21872
21879
21894
21898
21916
21921
21937
21960
21967
21977
21989
21993
22009
22012
22014
22030
22046
22047
22070
22073
22078
22079
22085
22088
22109
22143
22144
22162
22169
22173
22200
22203
22208
22210
22225
22258
22278
22290
22295
22339
22340
22352
22357
22360
22369
22373
22381
22388
22399
22411
22443
22470
22483
22484
22485
22505
22535
22540
22570
22594
22595
22614
22618
22619
22625
22635
22642
22644
22666
22678
22685
22686
22689
22695
22698
22706
22715
22717
22742
22784
22799
22849
22854
22867
22874
22878
22897
22955
22964
22969
22985
22998
23004
23007
23021
23026
23036
23037
23038
23046
23104
23120
23126
23166
23178
23225
23234
23254
23256
23273
23281
23295
23303
23305
23316
23330
23348
23359
23374
23378
23381
23394
23395
23437
23454
23455
23473
23480
23489
23494
23514
23519
23520
23528
23557
23558
23580
23589
23594
23607
23625
23630
23644
23650
23653
23660
23664
23672
23683
23687
23695
23706
23708
23715
23717
23722
23732
23741
23776
23841
23843
23848
23850
23857
23872
23890
23913
23945
23964
23970
23992
23995
23998
24031
24079
24088
24092
24110
24117
24118
24123
24174
24179
24199
24200
24223
24238
24257
24258
24260
24271
24278
24281
24289
24306
24331
24346
24351
24354
24361
24375
24377
24403
24412
24427
24454
24470
24490
24508
24510
24512
24516
24517
24519
24531
24577
24590
24606
24632
24633
24638
24648
24652
24661
24663
24676
24678
24686
24709
24733
24749
24764
24773
24775
24815
24827
24837
24847
24864
24885
24920
24937
24946
24950
24951
24958
24961
24965
24977
24991
25001
25019
25023
25028
25054
25085
25102
25117
25127
25148
25165
25168
25178
25214
25255
25299
25347
25350
25351
25355
25357
25368
25392
25407
25408
25409
25416
25462
25464
25466
25478
25479
25484
25486
25487
25508
25513
25541
25543
25563
25567
25572
25587
25596
25599
25604
25610
25611
25635
25661
25667
25669
25697
25725
25729
25750
25772
25792
25796
25801
25804
25814
25816
25827
25828
25832
25845
25859
25866
25881
25882
25883
25885
25911
25955
25958
25969
25975
25984
25997
26005
26067
26073
26077
26078
26101
26122
26163
26170
26172
26184
26191
26226
26231
26242
26299
26318
26351
26358
26368
26390
26408
26436
26446
26449
26456
26473
26493
26497
26515
26517
26521
26522
26524
26531
26550
26567
26590
26592
26594
26605
26606
26607
26616
26636
26645
26656
26663
26668
26682
26685
26704
26720
26746
26748
26755
26785
26788
26791
26814
26817
26821
26822
26824
26842
26846
26853
26876
26887
26889
26897
26909
26927
26967
26975
26986
26991
27002
27011
27013
27015
27075
27078
27089
27111
27113
27122
27134
27137
27141
27145
27152
27153
27161
27193
27204
27206
27207
27225
27258
27262
27269
27275
27285
27300
27306
27318
27321
27326
27329
27338
27360
27366
27387
27428
27448
27453
27456
27465
27500
27529
27532
27539
27548
27593
27594
27619
27626
27635
27642
27648
27654
27729
27779
27787
27792
27809
27812
27830
27832
27833
27882
27890
27899
27901
27903
27909
27910
27924
27926
27940
27969
27978
27990
28022
28025
28033
28040
28052
28075
28085
28088
28134
28148
28188
28195
28216
28220
28226
28235
28236
28243
28255
28269
28271
28279
28311
28325
28330
28341
28343
28344
28361
28386
28412
28415
28426
28443
28462
28485
28490
28493
28499
28507
28520
28523
28526
28547
28552
28597
28600
28604
28615
28620
28673
28689
28693
28698
28707
28713
28747
28757
28761
28763
28764
28782
28822
28838
28850
28857
28860
28862
28866
28868
28873
28884
28890
28909
28927
28930
28938
28974
28991
29027
29036
29047
29050
29054
29058
29067
29072
29094
29097
29107
29114
29130
29149
29224
29227
29228
29261
29281
29282
29316
29322
29324
29338
29343
29353
29364
29368
29431
29440
29444
29445
29448
29453
29455
29473
29511
29524
29526
29532
29552
29554
29565
29581
29585
29602
29643
29647
29659
29704
29710
29745
29748
29754
29777
29792
29800
29806
29828
29858
29878
29881
29915
29929
29947
29959
29978
29983
29987
30008
30020
30033
30061
30084
30088
30108
30126
30143
30158
30181
30182
30186
30192
30207
30226
30229
30230
30282
30288
30290
30295
30303
30311
30324
30332
30334
30338
30343
30373
30376
30378
30408
30414
30421
30436
30444
30449
30467
30483
30484
30485
30497
30510
30512
30518
30531
30537
30569
30576
30592
30619
30664
30675
30678
30687
30692
30698
30716
30722
30723
30734
30746
30750
30753
30757
30762
30779
30790
30807
30812
30815
30833
30850
30873
30879
30885
30888
30894
30921
30923
30933
30936
30941
30978
31000
31051
31061
31062
31064
31073
31093
31115
31116
31127
31151
31187
31188
31202
31210
31220
31225
31244
31246
31252
31260
31261
31262
31280
31296
31305
31318
31326
31337
31340
31367
31379
31383
31400
31402
31404
31417
31431
31435
31449
31460
31470
31480
31485
31488
31500
31501
31507
31511
31519
31534
31549
31552
31558
31560
31575
31594
31595
31617
31620
31654
31655
31668
31687
31695
31735
31736
31737
31756
31811
31813
31818
31853
31866
31880
31894
31896
31910
31911
31930
31950
31968
31982
31985
32017
32020
32030
32032
32035
32051
32055
32062
32079
32096
32101
32103
32108
32109
32112
32113
32114
32136
32137
32148
32174
32180
32185
32194
32203
32206
32254
32260
32265
32291
32320
32334
32335
32361
32366
32381
32387
32420
32433
32442
32460
32466
32467
32491
32508
32533
32536
32537
32566
32611
32620
32623
32631
32642
32643
32651
32655
32658
32673
32679
32687
32710
32720
32723
32736
32759
32788
32823
32841
32851
32852
32858
32862
32871
32872
32880
32888
32898
32939
32942
32956
32969
32971
32977
32988
33015
33018
33030
33039
33048
33061
33064
33084
33089
33106
33124
33148
33203
33221
33231
33255
33259
33266
33289
33306
33325
33335
33339
33350
33351
33359
33375
33378
33388
33390
33393
33429
33433
33443
33472
33473
33474
33485
33489
33522
33526
33569
33570
33632
33645
33665
33681
33685
33686
33690
33699
33717
33721
33759
33776
33781
33790
33795
33801
33803
33812
33818
33839
33842
33848
33859
33875
33896
33915
33916
33947
33963
33966
33978
33992
33998
33999
34006
34020
34027
34028
34053
34056
34061
34068
34131
34132
34139
34177
34182
34185
34192
34194
34210
34223
34237
34239
34245
34249
34254
34268
34306
34309
34320
34336
34340
34341
34344
34360
34368
34369
34375
34376
34407
34408
34440
34447
34451
34460
34477
34512
34513
34523
34538
34543
34553
34558
34578
34582
34608
34611
34617
34634
34670
34675
34684
34699
34704
34711
34714
34729
34737
34762
34767
34777
34790
34801
34820
34821
34856
34858
34878
34882
34890
34900
34901
34961
34970
34973
34992
35003
35029
35121
35124
35126
35173
35179
35201
35211
35212
35224
35232
35237
35258
35261
35269
35277
35295
35298
35301
35310
35316
35326
35329
35332
35367
35410
35415
35437
35446
35448
35454
35487
35501
35505
35532
35536
35550
35553
35563
35593
35606
35611
35641
35645
35650
35657
35664
35677
35697
35709
35714
35717
35733
35739
35745
35754
35766
35771
35788
35815
35832
35834
35839
35863
35872
35906
35908
35938
35985
36060
36065
36089
36137
36156
36169
36185
36237
36254
36259
36262
36266
36279
36310
36311
36321
36330
36334
36359
36388
36392
36394
36397
36401
36411
36420
36427
36429
36431
36432
36438
36454
36459
36468
36496
36499
36516
36530
36553
36568
36573
36595
36604
36609
36612
36615
36619
36632
36651
36680
36718
36742
36762
36780
36799
36801
36803
36830
36847
36866
36888
36901
36906
36908
36941
36944
36967
36983
36984
36987
36990
37001
37030
37035
37037
37040
37051
37054
37058
37071
37075
37090
37099
37103
37112
37115
37130
37164
37177
37188
37198
37199
37237
37244
37246
37277
37286
37295
37296
37335
37342
37356
37416
37419
37431
37434
37440
37441
37442
37479
37485
37495
37517
37546
37555
37596
37606
37613
37636
37676
37689
37701
37710
37737
37788
37843
37872
37879
37892
37893
37894
37896
37912
37913
37923
37934
37940
37941
37953
37963
37966
37980
37993
38017
38055
38060
38061
38063
38091
38106
38134
38141
38164
38184
38199
38233
38234
38236
38256
38259
38263
38268
38288
38319
38337
38350
38351
38372
38402
38403
38413
38419
38436
38457
38482
38494
38518
38541
38558
38564
38569
38580
38591
38598
38615
38641
38661
38669
38684
38685
38688
38689
38701
38704
38710
38721
38747
38751
38771
38773
38806
38814
38815
38829
38840
38858
38864
38896
38905
38906
38924
38931
38934
39000
39021
39022
39045
39046
39065
39117
39127
39146
39149
39154
39160
39171
39179
39182
39229
39233
39242
39250
39257
39258
39266
39270
39276
39279
39294
39295
39300
39341
39342
39345
39353
39354
39364
39373
39376
39384
39392
39404
39418
39438
39441
39463
39487
39499
39502
39506
39534
39565
39573
39578
39639
39640
39664
39668
39691
39695
39697
39713
39724
39771
39778
39818
39840
39848
39864
39888
39914
39942
39975
39992
39994
40001
40012
40039
40069
40072
40079
40083
40099
40101
40155
40157
40158
40186
40192
40200
40206
40230
40245
40259
40274
40279
40286
40289
40291
40302
40327
40338
40366
40374
40380
40398
40401
40413
40424
40435
40436
40454
40466
40469
40470
40481
40528
40532
40533
40534
40542
40548
40555
40570
40593
40605
40608
40617
40630
40634
40703
40711
40746
40755
40763
40774
40786
40800
40806
40828
40829
40838
40850
40854
40856
40874
40888
40910
40915
40922
40929
40954
40955
40966
40979
40987
41025
41041
41043
41059
41061
41062
41066
41067
41077
41092
41094
41107
41120
41124
41132
41143
41147
41198
41205
41208
41221
41223
41232
41234
41262
41271
41293
41299
41310
41317
41342
41344
41346
41347
41379
41380
41402
41414
41421
41433
41436
41437
41438
41443
41448
41455
41457
41470
41484
41507
41508
41515
41520
41524
41531
41533
41546
41566
41594
41602
41624
41638
41658
41679
41682
41684
41712
41715
41719
41723
41729
41738
41742
41759
41809
41835
41850
41864
41872
41889
41896
41898
41899
41906
41937
41942
41950
41958
41984
41986
42010
42027
42029
42043
42044
42047
42049
42053
42065
42076
42150
42175
42186
42200
42212
42225
42243
42245
42249
42251
42274
42275
42284
42286
42295
42297
42298
42316
42322
42328
42331
42333
42334
42348
42350
42351
42365
42386
42390
42418
42424
42427
42431
42435
42457
42461
42463
42464
42479
42481
42492
42518
42529
42545
42549
42562
42581
42608
42631
42634
42635
42643
42646
42655
42663
42670
42699
42714
42716
42746
42748
42775
42789
42790
42793
42818
42844
42849
42869
42873
42875
42885
42891
42919
42944
42957
42965
42985
43019
43024
43035
43052
43072
43073
43086
43102
43110
43115
43142
43157
43159
43161
43179
43195
43221
43224
43230
43232
43241
43250
43334
43340
43344
43345
43351
43357
43369
43398
43404
43405
43416
43434
43450
43454
43456
43492
43497
43526
43527
43552
43560
43595
43599
43605
43617
43642
43660
43697
43705
43706
43739
43741
43742
43755
43782
43786
43788
43794
43802
43804
43825
43839
43855
43863
43881
43892
43916
43920
43924
43940
43946
43957
43961
43972
43974
43984
43990
43991
43994
43997
44006
44020
44032
44058
44074
44092
44096
44098
44106
44110
44120
44148
44153
44166
44180
44183
44188
44201
44202
44209
44210
44211
44214
44227
44240
44247
44274
44276
44277
44309
44314
44336
44341
44349
44404
44407
44447
44454
44462
44464
44482
44483
44491
44504
44509
44519
44521
44540
44551
44552
44553
44555
44560
44583
44657
44659
44661
44667
44677
44689
44699
44707
44714
44730
44737
44744
44746
44747
44754
44779
44780
44781
44785
44787
44792
44798
44822
44824
44842
44852
44862
44868
44872
44876
44900
44906
44931
44936
44947
44957
45000
45021
45084
45095
45097
45101
45116
45130
45141
45152
45161
45163
45169
45170
45194
45204
45271
45288
45299
45306
45316
45331
45357
45364
45386
45390
45395
45397
45401
45402
45424
45431
45436
45438
45467
45469
45481
45498
45499
45520
45526
45532
45545
45546
45548
45556
45565
45572
45592
45601
45606
45608
45610
45622
45630
45635
45636
45644
45648
45653
45674
45676
45678
45681
45683
45690
45706
45733
45740
45744
45752
45757
45761
45768
45783
45787
45788
45790
45815
45841
45860
45886
45896
45905
45914
45924
45955
45966
45967
45982
45987
45992
45999
46004
46029
46034
46043
46049
46066
46067
46072
46102
46116
46122
46127
46143
46145
46146
46160
46163
46167
46177
46182
46191
46221
46224
46234
46263
46267
46287
46288
46294
46312
46345
46360
46385
46391
46397
46405
46409
46422
46443
46454
46464
46467
46484
46490
46500
46517
46530
46547
46549
46561
46592
46593
46594
46598
46600
46606
46609
46613
46655
46660
46670
46671
46677
46692
46737
46756
46776
46793
46794
46811
46825
46832
46840
46844
46851
46857
46858
46893
46908
46923
46928
46940
46950
46957
46975
46993
47010
47028
47048
47064
47092
47105
47109
47140
47141
47148
47151
47152
47158
47161
47164
47180
47186
47197
47198
47200
47228
47232
47235
47242
47248
47258
47272
47273
47298
47308
47315
47318
47322
47344
47349
47356
47364
47366
47385
47386
47400
47436
47459
47490
47496
47511
47515
47518
47520
47526
47529
47537
47544
47550
47559
47593
47598
47607
47609
47611
47618
47624
47631
47637
47650
47655
47658
47661
47673
47679
47688
47725
47741
47749
47757
47800
47825
47830
47862
47865
47923
47927
47930
47934
47969
48037
48040
48044
48049
48053
48056
48071
48082
48090
48094
48105
48114
48116
48126
48131
48140
48160
48181
48187
48199
48210
48222
48227
48230
48242
48245
48266
48269
48276
48278
48293
48301
48304
48311
48331
48332
48333
48341
48369
48376
48387
48426
48427
48435
48439
48441
48448
48470
48487
48494
48509
48512
48529
48533
48538
48562
48574
48638
48642
48660
48665
48682
48696
48697
48701
48729
48736
48737
48780
48790
48797
48805
48810
48854
48861
48870
48898
48910
48917
48920
48925
48937
48949
48954
48971
48996
48997
49000
49011
49012
49015
49025
49048
49050
49083
49088
49103
49111
49126
49148
49169
49173
49187
49191
49193
49219
49240
49267
49280
49292
49293
49294
49299
49300
49320
49334
49339
49349
49353
49362
49383
49398
49415
49416
49424
49437
49448
49463
49473
49492
49493
49504
49530
49534
49549
49555
49568
49574
49581
49584
49587
49593
49607
49613
49646
49650
49654
49657
49660
49671
49682
49690
49703
49716
49733
49734
49749
49767
49771
49786
49835
49857
49858
49864
49867
49892
49896
49898
49956
49972
49974
49975
49976
49995
49999
50013
50014
50017
50024
50027
50031
50036
50037
50103
50138
50152
50153
50173
50175
50182
50188
50194
50232
50236
50242
50253
50265
50267
50280
50286
50300
50315
50332
50335
50344
50348
50350
50378
50379
50386
50398
50423
50425
50436
50460
50483
50488
50508
50577
50611
50625
50628
50636
50640
50645
50649
50673
50727
50730
50746
50770
50771
50772
50779
50788
50789
50804
50809
50815
50827
50846
50866
50868
50880
50883
50885
50919
50920
50923
50945
50953
50956
50958
50997
50998
51005
51015
51024
51028
51038
51058
51060
51068
51111
51130
51148
51160
51176
51185
51190
51207
51225
51226
51229
51246
51257
51265
51281
51286
51318
51330
51341
51369
51386
51412
51442
51446
51448
51478
51496
51522
51558
51570
51585
51601
51645
51648
51652
51667
51675
51708
51740
51746
51752
51758
51785
51788
51801
51810
51834
51835
51847
51850
51855
51857
51887
51915
51927
51934
51936
51963
52001
52004
52006
52016
52037
52052
52057
52068
52094
52122
52125
52149
52180
52197
52224
52236
52237
52241
52267
52269
52276
52282
52283
52286
52297
52310
52324
52340
52344
52351
52355
52372
52376
52395
52406
52422
52463
52465
52470
52477
52483
52503
52516
52523
52532
52550
52554
52557
52563
52567
52581
52582
52587
52590
52628
52633
52644
52664
52671
52689
52691
52702
52712
52731
52743
52779
52780
52807
52813
52858
52866
52871
52878
52879
52897
52900
52909
52953
52972
52974
52978
52983
53008
53026
53030
53053
53059
53063
53071
53078
53082
53083
53093
53096
53103
53107
53108
53110
53116
53122
53156
53176
53178
53184
53192
53201
53228
53231
53260
53264
53278
53287
53302
53330
53331
53342
53343
53358
53367
53371
53394
53400
53412
53414
53449
53466
53478
53505
53508
53514
53524
53534
53541
53553
53573
53582
53587
53604
53630
53643
53644
53650
53660
53672
53674
53718
53729
53740
53742
53750
53756
53782
53799
53822
53823
53824
53855
53873
53906
53921
53926
53927
53940
53951
53962
53987
53998
54001
54002
54018
54021
54026
54037
54050
54062
54064
54074
54104
54109
54147
54154
54169
54172
54176
54201
54212
54230
54256
54258
54262
54296
54318
54330
54336
54370
54388
54395
54411
54427
54436
54444
54458
54481
54512
54532
54559
54587
54616
54617
54619
54627
54640
54644
54648
54653
54662
54666
54676
54680
54684
54685
54710
54719
54745
54756
54824
54851
54905
54918
54923
54925
54931
54937
54939
54957
54969
54972
54999
55007
55126
55134
55135
55145
55189
55198
55214
55222
55241
55258
55264
55280
55285
55288
55304
55325
55340
55357
55358
55369
55384
55386
55389
55402
55411
55416
55424
55425
55436
55442
55464
55487
55497
55500
55501
55511
55528
55535
55550
55553
55558
55601
55613
55645
55646
55653
55675
55676
55682
55694
55716
55752
55766
55778
55782
55787
55811
55818
55821
55823
55833
55842
55851
55867
55878
55919
55926
55950
55951
55960
55993
56005
56011
56033
56046
56062
56063
56069
56076
56080
56081
56086
56101
56103
56108
56122
56152
56154
56170
56187
56189
56197
56215
56218
56246
56264
56268
56280
56282
56283
56327
56355
56364
56394
56400
56407
56451
56452
56453
56490
56526
56543
56547
56553
56561
56567
56575
56585
56591
56595
56617
56619
56624
56634
56642
56645
56646
56649
56668
56670
56672
56674
56765
56772
56793
56811
56839
56861
56863
56918
56935
56954
56958
56966
56969
57002
57006
57008
57014
57025
57026
57039
57052
57060
57070
57079
57097
57107
57118
57141
57142
57154
57164
57178
57179
57182
57185
57186
57224
57253
57256
57265
57298
57316
57331
57340
57352
57366
57377
57388
57394
57405
57428
57429
57435
57442
57485
57486
57500
57505
57527
57528
57535
57536
57573
57574
57592
57600
57601
57602
57617
57641
57653
57668
57686
57724
57735
57771
57777
57786
57788
57801
57827
57852
57855
57877
57887
57890
57902
57909
57924
57934
57945
57951
57959
57960
57997
58006
58017
58041
58050
58057
58064
58068
58069
58076
58098
58104
58116
58121
58132
58138
58148
58176
58181
58206
58208
58224
58265
58274
58283
58304
58307
58339
58342
58349
58366
58377
58380
58394
58405
58441
58451
58457
58462
58516
58517
58526
58543
58546
58578
58580
58618
58624
58636
58678
58679
58708
58720
58728
58742
58753
58782
58790
58797
58798
58810
58815
58835
58861
58869
58875
58884
58916
58928
58935
58937
58963
58970
58992
58994
58997
59005
59020
59028
59041
59043
59062
59076
59086
59089
59102
59122
59127
59129
59134
59195
59202
59211
59218
59226
59245
59260
59262
59268
59283
59296
59299
59306
59308
59313
59322
59344
59380
59396
59397
59400
59401
59446
59458
59478
59483
59500
59505
59529
59531
59561
59576
59592
59596
59624
59626
59634
59640
59647
59668
59692
59706
59710
59722
59728
59747
59762
59769
59791
59797
59800
59801
59846
59852
59884
59885
59903
59906
59910
59914
59928
59936
59950
59954
59967
59969
59974
59989
60001
60002
60004
60009
60013
60026
60045
60047
60079
60081
60094
60109
60111
60151
60154
60155
60168
60174
60181
60221
60230
60239
60265
60273
60290
60314
60328
60337
60355
60356
60359
60365
60377
60385
60389
60397
60404
60410
60412
60435
60448
60458
60474
60502
60513
60523
60531
60535
60555
60577
60613
60615
60621
60622
60666
60685
60699
60701
60707
60712
60725
60730
60738
60741
60790
60800
60815
60823
60863
60868
60878
60899
60908
60912
60930
60937
60964
60968
60979
60990
60997
61000
61024
61034
61038
61046
61050
61062
61064
61069
61082
61087
61098
61119
61132
61137
61196
61205
61207
61218
61229
61262
61266
61268
61273
61281
61286
61318
61323
61329
61330
61353
61355
61384
61386
61396
61399
61408
61428
61453
61465
61466
61485
61487
61499
61510
61511
61547
61561
61563
61571
61607
61608
61614
61621
61625
61630
61640
61708
61725
61727
61735
61742
61744
61752
61761
61793
61797
61798
61817
61821
61824
61836
61845
61859
61879
61905
61929
61941
61944
61978
62006
62021
62028
62041
62046
62080
62101
62103
62105
62112
62123
62160
62175
62178
62196
62229
62249
62251
62256
62290
62309
62310
62325
62331
62342
62351
62362
62378
62381
62387
62402
62405
62429
62449
62453
62456
62458
62462
62471
62515
62530
62550
62559
62572
62591
62595
62600
62605
62633
62651
62667
62672
62689
62705
62715
62733
62753
62756
62763
62770
62776
62783
62808
62820
62840
62855
62890
62897
62903
62918
62932
62958
62972
62987
62995
63000
63003
63012
63017
63035
63048
63066
63073
63085
63113
63119
63123
63126
63129
63147
63156
63186
63192
63193
63198
63208
63212
63217
63230
63243
63245
63248
63323
63337
63376
63386
63411
63417
63434
63441
63447
63464
63468
63469
63482
63493
63497
63503
63510
63514
63520
63530
63559
63561
63564
63575
63579
63609
63619
63620
63624
63634
63640
63653
63693
63696
63701
63702
63703
63755
63777
63779
63788
63794
63821
63829
63849
63854
63856
63876
63878
63880
63882
63918
63943
63952
63962
63981
63983
63987
63996
64007
64011
64022
64036
64067
64069
64101
64114
64127
64134
64139
64145
64150
64191
64200
64201
64212
64233
64247
64253
64264
64273
64295
64305
64312
64321
64345
64353
64356
64358
64371
64394
64406
64419
64423
64433
64452
64455
64466
64485
64502
64554
64578
64583
64597
64599
64626
64628
64632
64647
64649
64652
64682
64692
64708
64714
64719
64725
64728
64737
64741
64744
64751
64759
64782
64785
64787
64796
64800
64829
64830
64833
64861
64866
64869
64877
64886
64895
64909
64917
64940
64951
64960
64970
64984
64988
64990
64996
65004
65008
65027
65035
65041
65045
65065
65074
65112
65114
65117
65148
65150
65168
65178
65182
65187
65203
65230
65233
65239
65255
65259
65270
65275
65279
65286
65289
65293
65304
65333
65338
65353
65356
65359
65360
65379
65381
65388
65394
65404
65408
65418
65435
65440
65448
65480
65484
65500
65527
65542
65558
65579
65582
65603
65604
65607
65621
65647
65673
65691
65697
65700
65726
65762
65799
65801
65804
65808
65814
65821
65827
65832
65862
65879
65882
65886
65888
65916
65945
65949
65964
65986
65992
65993
65994
66021
66061
66064
66079
66119
66133
66137
66146
66184
66195
66244
66274
66296
66343
66358
66367
66374
66375
66384
66385
66395
66420
66426
66430
66449
66471
66553
66558
66568
66576
66592
66593
66617
66654
66684
66688
66840
66856
66858
66876
66881
66892
66909
66915
66918
66927
66930
66940
66951
66969
66974
66985
66992
66998
67029
67069
67074
67090
67100
67103
67106
67128
67133
67137
67150
67152
67164
67165
67186
67228
67241
67249
67318
67327
67329
67335
67345
67346
67365
67366
67369
67384
67411
67413
67442
67470
67481
67491
67493
67497
67507
67521
67537
67540
67550
67551
67572
67586
67599
67608
67615
67652
67691
67692
67698
67727
67733
67758
67769
67782
67789
67797
67808
67820
67822
67833
67839
67867
67905
67915
67928
67933
67937
67949
67960
67969
67979
67980
67986
68009
68022
68027
68028
68040
68041
68048
68080
68093
68105
68111
68135
68157
68162
68193
68230
68241
68245
68262
68267
68291
68312
68323
68324
68326
68341
68348
68410
68445
68448
68462
68469
68471
68475
68483
68486
68488
68495
68537
68547
68550
68551
68553
68557
68565
68603
68609
68617
68619
68624
68627
68658
68659
68661
68692
68713
68733
68754
68758
68769
68772
68778
68787
68795
68797
68807
68808
68813
68820
68827
68835
68842
68854
68862
68875
68881
68882
68892
68923
68940
68945
68992
68997
69003
69013
69030
69045
69046
69049
69059
69068
69074
69139
69143
69158
69160
69164
69202
69206
69220
69224
69225
69230
69244
69245
69272
69311
69318
69324
69342
69345
69348
69360
69370
69372
69374
69394
69405
69411
69417
69419
69425
69446
69463
69484
69485
69497
69515
69523
69525
69539
69541
69553
69586
69600
69602
69639
69641
69646
69659
69661
69666
69672
69677
69683
69699
69701
69709
69715
69716
69749
69777
69783
69786
69794
69824
69870
69889
69896
69899
69904
69907
69912
69949
69969
69996
70002
70008
70013
70019
70072
70074
70078
70084
70090
70095
70105
70119
70126
70152
70154
70157
70165
70207
70219
70225
70226
70234
70235
70242
70254
70276
70281
70355
70366
70403
70407
70409
70429
70433
70450
70474
70496
70505
70520
70524
70526
70533
70545
70562
70598
70615
70625
70646
70658
70669
70687
70690
70700
70702
70705
70708
70729
70740
70765
70791
70805
70808
70812
70849
70859
70883
70894
70902
70916
70925
70941
70959
70986
70991
70993
71013
71016
71028
71041
71051
71057
71063
71071
71074
71080
71099
71115
71119
71145
71165
71174
71179
71182
71184
71185
71192
71198
71205
71237
71240
71248
71257
71273
71281
71282
71306
71312
71322
71337
71355
71357
71368
71390
71403
71416
71425
71429
71453
71470
71502
71544
71563
71564
71567
71589
71599
71600
71602
71618
71633
71639
71654
71664
71669
71687
71744
71753
71758
71779
71787
71801
71842
71875
71894
71906
71910
71911
71926
71931
71941
71945
71950
71974
71978
71989
72023
72050
72052
72079
72085
72093
72096
72117
72125
72146
72166
72170
72182
72187
72200
72207
72213
72220
72271
72276
72281
72287
72291
72298
72307
72318
72334
72352
72365
72388
72423
72431
72432
72435
72442
72447
72456
72474
72477
72505
72543
72560
72589
72616
72622
72625
72632
72650
72663
72684
72698
72706
72709
72711
72726
72727
72741
72742
72770
72772
72782
72798
72800
72832
72840
72849
72870
72896
72899
72914
72922
72949
72984
72985
72989
73012
73019
73024
73039
73060
73069
73074
73082
73084
73104
73110
73128
73144
73147
73158
73162
73163
73193
73240
73241
73248
73301
73319
73332
73342
73359
73366
73400
73418
73443
73450
73453
73454
73481
73493
73525
73541
73550
73557
73572
73592
73601
73614
73616
73617
73638
73658
73667
73680
73690
73692
73720
73725
73734
73740
73744
73757
73774
73788
73817
73829
73844
73847
73871
73881
73909
73915
73946
73959
73961
73968
73974
73980
74001
74002
74003
74015
74023
74031
74055
74071
74094
74110
74123
74151
74176
74179
74183
74186
74191
74195
74197
74200
74207
74220
74222
74233
74251
74258
74272
74277
74288
74295
74311
74326
74364
74372
74391
74392
74405
74412
74420
74429
74437
74441
74456
74474
74484
74500
74510
74518
74537
74539
74554
74591
74608
74628
74659
74665
74688
74701
74704
74710
74744
74772
74786
74788
74789
74820
74823
74833
74855
74874
74878
74881
74887
74897
74908
74910
74915
74920
74934
74946
74947
75017
75034
75052
75060
75153
75157
75161
75168
75176
75183
75197
75209
75219
75233
75245
75250
75255
75258
75265
75281
75290
75297
75314
75337
75362
75366
75370
75377
75384
75387
75389
75390
75411
75420
75429
75454
75455
75473
75480
75497
75506
75507
75515
75532
75539
75560
75574
75599
75617
75619
75621
75629
75631
75636
75642
75691
75693
75696
75698
75709
75715
75723
75729
75734
75762
75836
75839
75853
75873
75877
75891
75892
75904
75946
75949
75967
75981
76002
76004
76007
76010
76015
76049
76056
76079
76083
76085
76150
76177
76191
76208
76210
76216
76221
76234
76254
76268
76269
76280
76295
76308
76322
76335
76342
76346
76348
76358
76374
76381
76388
76421
76515
76528
76541
76554
76559
76562
76577
76596
76620
76625
76701
76710
76713
76741
76743
76752
76760
76770
76801
76803
76806
76820
76883
76890
76892
76915
76920
76921
76928
76931
76935
76950
76955
76964
77012
77042
77043
77044
77053
77064
77083
77101
77113
77114
77140
77152
77159
77176
77182
77201
77203
77219
77235
77261
77283
77285
77288
77290
77291
77297
77300
77322
77342
77368
77383
77399
77426
77435
77440
77442
77446
77451
77472
77477
77481
77499
77520
77536
77548
77566
77577
77582
77603
77609
77630
77635
77647
77651
77675
77677
77705
77710
77734
77735
77741
77752
77762
77766
77767
77773
77778
77782
77791
77813
77837
77873
77898
77900
77902
77909
77921
77955
77960
77978
77987
77991
78053
78056
78070
78083
78097
78104
78108
78110
78115
78120
78131
78142
78163
78177
78178
78187
78190
78191
78203
78205
78206
78211
78217
78230
78259
78274
78286
78306
78321
78326
78331
78357
78372
78375
78386
78411
78428
78442
78460
78470
78474
78475
78476
78486
78499
78500
78515
78520
78526
78548
78555
78556
78578
78586
78607
78614
78618
78620
78642
78646
78649
78663
78666
78669
78694
78713
78717
78723
78736
78756
78768
78771
78790
78804
78813
78841
78851
78884
78898
78931
78943
78948
78962
78969
78993
78995
79005
79013
79017
79018
79049
79056
79087
79098
79100
79105
79110
79127
79129
79151
79179
79207
79233
79245
79268
79276
79295
79297
79299
79308
79310
79318
79328
79347
79359
79378
79381
79432
79474
79484
79495
79496
79507
79518
79520
79550
79553
79576
79587
79605
79646
79653
79657
79695
79699
79702
79703
79745
79759
79766
79774
79776
79807
79819
79822
79832
79848
79855
79862
79863
79864
79871
79872
79878
79880
79890
79909
79910
79952
79956
79960
79980
79982
79986
79988
80005
80012
80034
80047
80050
80079
80080
80088
80101
80111
80144
80153
80167
80205
80225
80228
80236
80238
80253
80262
80299
80322
80355
80356
80359
80401
80407
80435
80437
80447
80462
80472
80515
80518
80534
80551
80588
80589
80613
80641
80644
80646
80677
80711
80725
80729
80737
80739
80740
80765
80778
80798
80806
80811
80826
80849
80870
80887
80888
80892
80913
80922
80930
80939
80941
80959
80965
81008
81018
81021
81029
81036
81037
81055
81068
81074
81088
81097
81111
81114
81158
81173
81195
81199
81218
81235
81236
81239
81245
81247
81268
81311
81321
81347
81368
81384
81390
81414
81415
81468
81496
81519
81539
81543
81544
81566
81575
81581
81586
81594
81601
81623
81671
81675
81694
81695
81698
81708
81710
81714
81723
81749
81755
81756
81760
81774
81777
81793
81819
81825
81826
81842
81850
81888
81903
81922
81928
81945
81955
81958
81961
81965
81967
81984
82029
82031
82032
82042
82049
82077
82087
82090
82100
82139
82151
82152
82169
82171
82182
82188
82201
82210
82227
82234
82246
82258
82263
82265
82285
82287
82295
82303
82308
82309
82361
82412
82437
82439
82451
82458
82478
82479
82501
82514
82519
82524
82544
82549
82561
82567
82583
82588
82609
82613
82642
82673
82689
82703
82712
82715
82730
82746
82763
82772
82797
82828
82830
82832
82837
82860
82862
82879
82893
82905
82907
82911
82920
82928
82948
82966
82992
82994
83001
83009
83012
83019
83066
83074
83086
83093
83113
83114
83119
83125
83137
83165
83181
83198
83206
83228
83245
83249
83269
83275
83278
83279
83284
83291
83311
83386
83387
83388
83397
83398
83400
83405
83416
83423
83432
83453
83454
83484
83496
83497
83500
83503
83535
83550
83553
83556
83564
83570
83580
83589
83638
83648
83656
83663
83667
83672
83685
83688
83702
83717
83719
83722
83730
83741
83744
83753
83756
83760
83761
83772
83778
83779
83807
83849
83863
83872
83878
83886
83902
83911
83921
83935
83936
83940
83944
83962
83966
83973
83981
83988
84027
84032
84064
84071
84074
84082
84110
84116
84117
84119
84143
84152
84173
84174
84187
84188
84199
84204
84212
84244
84259
84275
84288
84290
84300
84307
84320
84337
84345
84350
84370
84379
84382
84400
84412
84441
84448
84454
84480
84485
84503
84508
84539
84551
84556
84568
84571
84599
84621
84647
84651
84678
84683
84684
84689
84697
84705
84716
84723
84727
84731
84735
84755
84757
84770
84774
84787
84790
84800
84807
84850
84857
84866
84885
84908
84909
84925
84927
84934
84938
84962
84963
84967
84972
84979
84987
84994
85003
85004
85009
85021
85025
85051
85060
85062
85100
85124
85139
85143
85148
85158
85164
85178
85184
85209
85211
85214
85215
85263
85278
85300
85301
85308
85313
85345
85346
85353
85370
85389
85391
85392
85436
85442
85444
85462
85470
85486
85487
85490
85496
85503
85566
85570
85576
85581
85587
85598
85631
85633
85636
85648
85652
85696
85717
85732
85740
85743
85755
85760
85765
85797
85798
85807
85813
85821
85851
85853
85857
85870
85877
85881
85896
85904
85919
85923
85959
85963
85972
86025
86027
86050
86053
86071
86075
86077
86094
86107
86114
86168
86174
86188
86192
86198
86209
86217
86226
86233
86278
86287
86289
86302
86331
86349
86365
86366
86367
86389
86392
86397
86405
86406
86413
86446
86456
86457
86461
86471
86472
86486
86488
86494
86503
86519
86524
86533
86536
86539
86548
86560
86580
86594
86607
86612
86615
86619
86620
86650
86656
86658
86708
86717
86720
86732
86734
86741
86755
86761
86771
86800
86849
86852
86884
86901
86902
86905
86924
86935
86951
86954
86962
86977
86984
86991
86992
87042
87059
87083
87103
87138
87141
87158
87175
87189
87193
87198
87228
87244
87246
87260
87264
87268
87271
87282
87286
87293
87318
87321
87322
87332
87346
87352
87371
87396
87408
87416
87438
87447
87465
87486
87518
87523
87532
87535
87539
87540
87569
87575
87577
87578
87579
87601
87611
87624
87627
87656
87657
87670
87684
87741
87745
87748
87754
87756
87757
87763
87813
87825
87832
87833
87835
87839
87860
87906
87915
87916
87922
87926
87956
87961
87969
87981
87985
88011
88047
88050
88063
88068
88071
88073
88077
88094
88099
88150
88151
88153
88158
88159
88189
88203
88230
88256
88263
88269
88280
88285
88313
88320
88334
88335
88339
88350
88367
88385
88393
88402
88421
88422
88449
88450
88455
88459
88477
88481
88495
88515
88525
88537
88544
88546
88554
88557
88578
88582
88597
88605
88617
88635
88645
88654
88675
88681
88707
88721
88722
88733
88742
88744
88779
88793
88809
88821
88826
88828
88832
88845
88921
88925
88929
88931
88937
88957
89000
89019
89029
89042
89044
89061
89084
89148
89175
89179
89186
89196
89208
89231
89272
89289
89293
89317
89321
89334
89345
89353
89356
89357
89365
89371
89373
89378
89383
89385
89386
89424
89453
89454
89463
89465
89477
89514
89525
89534
89553
89567
89570
89580
89601
89646
89652
89656
89659
89680
89693
89720
89721
89730
89743
89760
89773
89802
89806
89826
89831
89834
89842
89902
89906
89907
89920
89922
89924
89925
89980
89981
89987
90033
90036
90047
90064
90076
90115
90130
90141
90153
90166
90174
90188
90223
90243
90250
90280
90315
90337
90338
90376
90383
90389
90395
90403
90416
90423
90424
90427
90455
90485
90508
90530
90535
90539
90547
90560
90563
90571
90595
90603
90615
90620
90646
90667
90711
90713
90722
90738
90742
90747
90758
90772
90777
90789
90793
90795
90821
90850
90873
90890
90893
90894
90895
90904
90946
90948
90950
90965
90969
90980
90987
90988
90990
90995
91014
91024
91052
91066
91068
91079
91092
91097
91109
91120
91122
91133
91144
91169
91170
91228
91267
91300
91335
91376
91388
91400
91421
91426
91428
91429
91457
91470
91478
91489
91500
91517
91524
91525
91549
91598
91609
91624
91647
91671
91694
91697
91719
91730
91732
91749
91752
91774
91806
91815
91819
91824
91838
91847
91850
91861
91864
91868
91892
91900
91911
91918
91923
91936
91938
91943
91952
91958
91962
91971
91977
91992
92005
92027
92035
92057
92075
92089
92103
92109
92110
92120
92129
92132
92135
92141
92145
92155
92160
92172
92182
92195
92203
92215
92217
92221
92231
92238
92242
92272
92274
92279
92304
92328
92333
92339
92340
92352
92359
92371
92378
92430
92432
92441
92444
92451
92465
92472
92484
92491
92492
92498
92504
92506
92511
92531
92538
92544
92550
92594
92601
92608
92609
92614
92631
92634
92682
92683
92717
92718
92722
92728
92730
92754
92762
92766
92783
92810
92827
92835
92836
92838
92842
92864
92873
92882
92920
92923
92938
92982
93006
93015
93051
93058
93061
93070
93071
93079
93095
93131
93138
93166
93169
93174
93177
93182
93190
93216
93230
93234
93236
93253
93277
93285
93335
93342
93347
93348
93365
93370
93372
93381
93390
93394
93432
93444
93462
93468
93494
93534
93539
93549
93559
93573
93625
93632
93640
93675
93679
93707
93721
93740
93743
93757
93771
93776
93782
93789
93795
93816
93830
93833
93859
93896
93899
93911
93920
93921
93923
93926
93936
93949
93959
93966
93975
93988
94007
94022
94061
94066
94079
94083
94092
94126
94137
94152
94164
94172
94190
94192
94196
94200
94204
94212
94216
94217
94230
94233
94244
94245
94249
94280
94291
94294
94314
94329
94335
94351
94377
94389
94391
94402
94475
94478
94491
94509
94518
94534
94548
94563
94590
94610
94621
94638
94642
94643
94655
94687
94701
94707
94735
94749
94762
94764
94770
94772
94791
94799
94836
94874
94899
94903
94922
94923
94990
94994
95046
95119
95133
95143
95161
95169
95172
95182
95186
95201
95202
95236
95260
95307
95311
95347
95348
95368
95369
95371
95378
95413
95438
95449
95466
95477
95489
95494
95499
95515
95539
95541
95544
95547
95554
95579
95593
95603
95610
95611
95628
95629
95637
95657
95665
95678
95691
95694
95704
95712
95721
95730
95731
95734
95741
95750
95767
95774
95844
95853
95868
95879
95884
95895
95900
95924
95929
95962
95966
95988
96000
96017
96040
96068
96098
96099
96112
96117
96142
96147
96153
96166
96173
96175
96193
96204
96205
96211
96215
96220
96222
96225
96229
96263
96272
96283
96297
96309
96313
96317
96322
96323
96328
96348
96383
96392
96413
96432
96438
96459
96461
96471
96474
96479
96492
96493
96514
96519
96527
96533
96543
96546
96549
96572
96583
96592
96603
96616
96623
96636
96663
96706
96746
96755
96758
96774
96791
96803
96814
96829
96835
96840
96855
96858
96903
96920
96940
96946
96948
96972
96975
96985
97024
97040
97061
97066
97067
97073
97078
97079
97091
97108
97109
97125
97126
97149
97159
97178
97203
97210
97213
97215
97228
97247
97259
97260
97261
97273
97284
97299
97309
97324
97331
97346
97352
97374
97427
97459
97464
97465
97466
97470
97483
97490
97504
97507
97518
97524
97528
97542
97550
97557
97559
97611
97625
97636
97644
97653
97660
97669
97720
97745
97769
97771
97776
97807
97822
97833
97847
97848
97849
97858
97889
97911
97921
97985
98002
98025
98049
98056
98058
98065
98078
98103
98130
98134
98136
98138
98139
98143
98160
98170
98183
98184
98190
98194
98208
98245
98258
98259
98263
98274
98305
98320
98334
98344
98347
98368
98372
98378
98383
98385
98450
98458
98459
98461
98470
98473
98476
98485
98491
98501
98511
98513
98521
98537
98557
98565
98571
98576
98597
98614
98630
98650
98671
98673
98704
98708
98709
98722
98753
98757
98772
98776
98796
98812
98830
98849
98853
98857
98895
98897
98909
98911
98921
98925
98928
98934
98984
98999
99000
99007
99026
99028
99031
99034
99044
99054
99058
99079
99085
99087
99089
99125
99177
99178
99188
99227
99237
99242
99251
99254
99260
99262
99268
99279
99291
99298
99312
99316
99335
99342
99349
99352
99357
99360
99377
99399
99415
99439
99442
99455
99457
99475
99495
99501
99514
99533
99567
99577
99579
99587
99597
99613
99626
99628
99630
99635
99638
99651
99665
99674
99704
99712
99718
99720
99722
99729
99732
99760
99799
99812
99815
99831
99834
99840
99847
99864
99877
99907
99960
99962
99966
99972
99990
99994
99998
100038
100050
100064
100068
100078
100081
100107
100116
100152
100159
100170
100198
100214
100217
100233
100244
100261
100265
100283
100285
100296
100299
100317
100318
100328
100366
100377
100394
100404
100405
100406
100412
100446
100448
100497
100505
100536
100542
100548
100564
100568
100584
100610
100617
100657
100665
100668
100671
100673
100678
100685
100694
100705
100722
100757
100809
100811
100822
100837
100854
100876
100888
100906
100910
100917
100926
100944
100954
100958
100960
100970
100988
101006
101009
101012
101014
101046
101050
101061
101085
101088
101117
101163
101212
101217
101222
101225
101226
101305
101352
101374
101375
101382
101388
101394
101420
101453
101467
101471
101504
101524
101528
101530
101551
101598
101605
101622
101633
101640
101644
101657
101665
101671
101688
101697
101714
101727
101734
101770
101780
101786
101797
101801
101820
101830
101847
101849
101861
101864
101872
101873
101908
101909
101919
101930
101935
101943
101962
101966
101970
101974
101988
101992
102024
102033
102052
102069
102077
102097
102105
102106
102130
102142
102148
102150
102179
102205
102216
102220
102221
102226
102229
102234
102249
102250
102253
102260
102325
102327
102332
102336
102338
102347
102366
102380
102385
102393
102398
102412
102439
102491
102500
102512
102540
102560
102618
102626
102631
102649
102656
102663
102679
102700
102702
102717
102724
102762
102770
102798
102812
102832
102857
102858
102867
102887
102893
102899
102903
102907
102911
102921
102953
102962
102988
103002
103008
103031
103037
103079
103103
103108
103143
103144
103167
103169
103176
103185
103196
103200
103214
103227
103233
103236
103248
103253
103259
103270
103285
103286
103304
103314
103338
103354
103360
103375
103384
103386
103392
103395
103410
103415
103418
103451
103467
103486
103499
103503
103544
103572
103593
103597
103598
103599
103601
103604
103605
103613
103636
103658
103680
103686
103697
103709
103722
103728
103730
103735
103755
103763
103772
103793
103806
103817
103827
103829
103870
103884
103895
103902
103910
103922
103932
103933
103946
103953
103954
103955
103961
103967
103985
103996
104000
104006
104008
104010
104035
104060
104065
104094
104104
104107
104116
104130
104140
104142
104147
104197
104214
104232
104252
104265
104269
104272
104273
104293
104306
104318
104329
104355
104357
104359
104369
104377
104402
104429
104444
104469
104512
104521
104538
104554
104582
104597
104603
104610
104622
104624
104629
104630
104653
104682
104701
104711
104712
104714
104724
104740
104745
104753
104781
104789
104802
104808
104818
104826
104870
104879
104888
104900
104902
104927
104942
104963
104967
104972
104986
104991
105002
105007
105018
105025
105054
105058
105071
105072
105115
105126
105159
105160
105202
105223
105226
105272
105283
105287
105289
105293
105298
105310
105315
105319
105320
105331
105334
105357
105363
105371
105373
105389
105391
105394
105417
105441
105442
105455
105471
105473
105513
105523
105534
105538
105572
105574
105576
105580
105581
105601
105613
105621
105625
105628
105648
105653
105680
105682
105687
105734
105738
105796
105811
105818
105826
105828
105841
105882
105910
105918
105920
105957
105982
106028
106029
106043
106060
106072
106075
106090
106094
106121
106122
106128
106169
106175
106181
106183
106207
106209
106216
106225
106246
106252
106253
106257
106261
106272
106276
106278
106282
106300
106320
106337
106345
106350
106353
106356
106364
106374
106400
106401
106411
106426
106428
106429
106449
106453
106479
106489
106511
106530
106540
106568
106584
106587
106590
106600
106608
106646
106685
106688
106720
106725
106726
106773
106794
106811
106849
106869
106872
106877
106880
106899
106915
106989
106990
107020
107031
107048
107052
107057
107058
107076
107100
107102
107113
107132
107150
107165
107196
107200
107203
107207
107224
107232
107271
107278
107324
107331
107332
107342
107343
107350
107351
107362
107372
107385
107387
107394
107413
107434
107442
107443
107469
107481
107496
107508
107520
107523
107529
107534
107535
107557
107584
107599
107610
107617
107625
107633
107651
107661
107666
107692
107699
107708
107720
107721
107744
107772
107785
107792
107797
107799
107851
107858
107859
107860
107871
107917
107920
107934
108005
108006
108020
108024
108027
108032
108043
108044
108061
108099
108112
108113
108121
108130
108142
108151
108154
108163
108172
108186
108189
108197
108198
108233
108261
108284
108288
108313
108317
108320
108329
108351
108356
108361
108385
108390
108403
108405
108412
108425
108426
108445
108454
108460
108475
108501
108509
108513
108518
108524
108529
108563
108599
108606
108645
108688
108702
108714
108722
108734
108760
108767
108792
108803
108816
108829
108841
108844
108860
108866
108895
108904
108925
108931
108932
108940
108955
108958
108974
108978
108998
109024
109038
109039
109053
109067
109088
109090
109093
109101
109104
109107
109114
109122
109133
109160
109180
109194
109208
109209
109222
109228
109243
109252
109291
109316
109320
109325
109335
109350
109373
109378
109389
109394
109408
109441
109454
109458
109488
109496
109505
109549
109556
109564
109575
109582
109586
109612
109615
109619
109634
109639
109662
109678
109693
109703
109725
109737
109747
109755
109762
109771
109776
109778
109804
109806
109809
109823
109841
109842
109867
109875
109876
109890
109896
109897
109898
109930
109944
109946
109960
109972
109993
110008
110015
110028
110035
110036
110041
110055
110065
110083
110113
110114
110119
110120
110133
110139
110147
110173
110177
110187
110199
110203
110221
110224
110241
110247
110267
110272
110276
110282
110339
110344
110345
110370
110371
110376
110400
110435
110442
110451
110477
110479
110501
110508
110510
110515
110539
110543
110565
110576
110583
110592
110599
110612
110629
110636
110650
110668
110684
110685
110718
110719
110720
110745
110756
110762
110765
110793
110824
110845
110854
110856
110867
110877
110893
110937
110938
110940
110941
110946
110950
110958
110987
111009
111017
111040
111082
111096
111105
111109
111130
111155
111160
111171
111191
111193
111199
111226
111260
111268
111280
111295
111300
111320
111374
111377
111389
111394
111395
111405
111411
111423
111459
111467
111468
111477
111481
111493
111504
111534
111541
111542
111543
111567
111574
111615
111619
111624
111628
111643
111673
111675
111680
111692
111695
111706
111709
111716
111723
111751
111791
111800
111805
111808
111846
111853
111865
111867
111875
111882
111895
111914
111925
111927
111946
112011
112032
112040
112049
112067
112099
112101
112140
112154
112159
112164
112182
112188
112202
112213
112216
112233
112257
112280
112294
112296
112302
112304
112306
112320
112339
112341
112358
112380
112400
112405
112413
112418
112419
112437
112439
112441
112443
112449
112455
112459
112474
112492
112512
112523
112525
112536
112539
112564
112567
112573
112574
112577
112578
112581
112582
112603
112610
112620
112659
112672
112685
112686
112690
112715
112718
112719
112728
112732
112742
112762
112805
112806
112812
112817
112831
112834
112839
112845
112848
112860
112866
112872
112876
112879
112911
112922
112959
112987
112994
113010
113011
113019
113032
113049
113056
113058
113064
113095
113132
113139
113183
113195
113200
113218
113228
113229
113250
113251
113297
113299
113307
113323
113325
113327
113334
113338
113343
113351
113355
113364
113365
113373
113378
113387
113427
113428
113437
113460
113482
113487
113507
113520
113523
113544
113547
113548
113566
113616
113621
113651
113681
113683
113691
113695
113710
113747
113761
113762
113766
113767
113793
113800
113803
113811
113841
113866
113869
113873
113875
113888
113890
113906
113908
113909
113924
113941
113956
113961
113986
114006
114021
114025
114039
114061
114065
114077
114088
114093
114114
114128
114149
114154
114157
114161
114167
114176
114177
114181
114187
114206
114209
114222
114238
114248
114257
114261
114265
114267
114285
114335
114338
114343
114349
114363
114368
114390
114404
114419
114482
114488
114490
114491
114504
114521
114529
114554
114561
114569
114582
114643
114660
114670
114675
114681
114724
114734
114756
114761
114778
114780
114795
114804
114814
114818
114822
114830
114848
114859
114863
114866
114867
114868
114883
114897
114914
114917
114924
114942
114944
114954
114961
114973
114991
115007
115009
115020
115023
115025
115031
115034
115035
115046
115050
115067
115074
115093
115094
115130
115145
115151
115153
115156
115166
115191
115199
115202
115221
115270
115280
115289
115296
115302
115305
115309
115321
115335
115339
115357
115365
115369
115378
115380
115382
115383
115394
115398
115426
115430
115442
115445
115497
115506
115507
115517
115527
115535
115542
115555
115573
115574
115583
115591
115594
115599
115623
115631
115653
115667
115671
115675
115678
115679
115680
115701
115707
115722
115765
115767
115778
115782
115788
115807
115810
115813
115819
115824
115830
115837
115841
115849
115854
115881
115883
115900
115921
115952
115953
115956
115961
115965
115973
115989
115993
115995
115999
116026
116027
116049
116064
116106
116110
116117
116126
116139
116152
116154
116157
116161
116184
116189
116202
116208
116209
116211
116216
116217
116226
116242
116245
116251
116255
116281
116303
116317
116323
116331
116340
116350
116382
116397
116398
116399
116404
116429
116448
116449
116452
116491
116495
116519
116523
116580
116583
116596
116629
116632
116644
116658
116668
116683
116693
116702
116707
116708
116711
116745
116759
116768
116769
116785
116806
116813
116841
116842
116863
116887
116890
116905
116919
116930
116932
116946
116956
116981
116985
116998
117014
117030
117045
117046
117070
117072
117073
117074
117077
117081
117087
117099
117150
117160
117180
117186
117195
117211
117224
117235
117241
117245
117253
117271
117272
117297
117299
117311
117322
117336
117339
117344
117346
117355
117369
117370
117372
117376
117380
117385
117392
117400
117424
117479
117482
117532
117557
117559
117570
117575
117580
117598
117634
117645
117649
117659
117670
117674
117686
117697
117717
117724
117736
117749
117752
117769
117775
117776
117780
117783
117788
117790
117808
117811
117816
117828
117837
117842
117858
117874
117935
117939
117970
117978
117979
117992
117995
118005
118058
118063
118111
118112
118120
118155
118175
118177
118195
118212
118218
118221
118229
118234
118246
118247
118254
118262
118264
118284
118289
118291
118299
118322
118324
118340
118343
118356
118359
118397
118398
118399
118431
118440
118442
118474
118484
118490
118497
118520
118591
118598
118600
118601
118617
118633
118676
118678
118680
118695
118703
118707
118713
118739
118745
118751
118773
118783
118812
118815
118819
118826
118833
118834
118837
118854
118863
118873
118878
118887
118891
118918
118922
118928
118940
118951
118970
118980
118997
119003
119005
119010
119012
119033
119034
119050
119053
119058
119059
119079
119083
119098
119107
119118
119121
119160
119164
119188
119190
119195
119202
119204
119207
119232
119233
119249
119261
119268
119276
119277
119300
119341
119369
119376
119387
119398
119402
119411
119420
119421
119426
119488
119496
119518
119523
119526
119535
119542
119544
119550
119555
119560
119593
119601
119626
119628
119658
119684
119687
119689
119691
119695
119697
119703
119705
119718
119720
119724
119732
119737
119756
119786
119792
119794
119823
119854
119902
119959
119968
119971
119984
119985
119989
119999
120019
120046
120069
120076
120088
120099
120115
120121
120132
120138
120144
120146
120156
120168
120179
120194
120213
120253
120258
120269
120278
120283
120303
120314
120319
120339
120341
120343
120346
120347
120374
120395
120405
120417
120427
120428
120444
120451
120454
120455
120470
120500
120518
120519
120542
120544
120555
120561
120576
120577
120580
120592
120598
120615
120652
120662
120665
120670
120687
120691
120698
120763
120778
120814
120836
120838
120844
120855
120873
120874
120884
120887
120903
120909
120926
120933
120952
120954
120963
121017
121018
121029
121034
121060
121085
121088
121096
121114
121118
121151
121153
121158
121180
121184
121220
121238
121292
121300
121304
121333
121351
121368
121374
121377
121381
121391
121409
121414
121431
121454
121465
121478
121487
121492
121504
121505
121509
121525
121544
121550
121562
121585
121593
121613
121624
121626
121629
121633
121635
121642
121647
121649
121661
121673
121677
121682
121709
121717
121738
121740
121761
121765
121782
121790
121799
121809
121827
121842
121856
121871
121872
121884
121891
121903
121916
121936
121947
121962
121978
121987
122000
122007
122018
122025
122026
122030
122031
122039
122047
122065
122073
122098
122102
122116
122131
122132
122141
122214
122225
122229
122235
122238
122245
122247
122264
122269
122276
122298
122317
122323
122327
122335
122338
122349
122359
122368
122416
122438
122449
122466
122470
122480
122496
122497
122553
122559
122577
122603
122645
122663
122693
122708
122718
122720
122721
122728
122744
122759
122766
122797
122812
122816
122835
122839
122840
122847
122872
122908
122922
122983
122994
123030
123036
123052
123053
123055
123064
123076
123097
123098
123111
123118
123132
123138
123151
123169
123180
123209
123217
123223
123228
123229
123236
123241
123253
123286
123306
123312
123322
123329
123333
123337
123360
123369
123387
123390
123392
123442
123460
123462
123471
123477
123480
123506
123512
123542
123549
123551
123554
123580
123612
123623
123633
123668
123693
123699
123706
123730
123747
123756
123776
123790
123799
123802
123814
123817
123818
123822
123825
123827
123842
123843
123873
123882
123887
123893
123894
123896
123912
123919
123921
123961
123963
123967
123969
123995
124001
124006
124022
124040
124062
124084
124105
124185
124193
124218
124263
124276
124277
124281
124296
124304
124336
124361
124385
124413
124418
124433
124436
124450
124458
124469
124479
124481
124482
124497
124509
124512
124513
124515
124521
124542
124553
124559
124568
124580
124584
124589
124596
124597
124601
124616
124618
124637
124643
124644
124645
124665
124676
124697
124728
124738
124746
124756
124759
124771
124772
124790
124802
124805
124819
124827
124836
124837
124852
124854
124881
124904
124918
124922
124923
124925
124939
124970
124991
125006
125020
125035
125043
125057
125082
125109
125112
125114
125196
125210
125212
125223
125239
125243
125258
125291
125293
125311
125358
125386
125388
125396
125405
125419
125431
125432
125434
125436
125445
125453
125455
125493
125519
125546
125555
125556
125560
125587
125603
125642
125688
125695
125714
125721
125739
125752
125758
125763
125774
125782
125813
125819
125841
125842
125844
125882
125884
125887
125914
125950
125965
125970
125995
126004
126020
126038
126040
126049
126071
126072
126080
126086
126092
126095
126114
126124
126136
126153
126154
126155
126157
126177
126201
126203
126204
126247
126289
126309
126312
126315
126341
126342
126359
126362
126364
126375
126385
126446
126452
126454
126492
126499
126539
126543
126551
126553
126565
126567
126574
126576
126598
126623
126635
126711
126732
126733
126770
126776
126783
126786
126825
126826
126864
126870
126887
126905
126930
126936
126954
126962
126967
127014
127033
127049
127057
127069
127101
127104
127109
127120
127134
127140
127143
127164
127172
127181
127189
127199
127224
127231
127255
127265
127288
127289
127300
127304
127333
127376
127378
127381
127383
127408
127418
127426
127441
127448
127458
127459
127464
127471
127473
127484
127488
127491
127518
127523
127524
127525
127526
127561
127602
127617
127638
127655
127684
127690
127692
127705
127722
127732
127746
127749
127754
127769
127787
127801
127815
127823
127843
127850
127866
127867
127869
127870
127876
127914
127916
127919
127928
127954
127958
127987
128008
128011
128025
128066
128069
128081
128113
128114
128124
128162
128167
128174
128176
128177
128211
128226
128235
128255
128270
128278
128279
128294
128352
128371
128381
128388
128401
128409
128410
128422
128436
128453
128463
128501
128522
128525
128559
128563
128649
128660
128684
128699
128703
128709
128723
128725
128749
128763
128785
128809
128820
128843
128845
128865
128872
128891
128893
128913
128939
128952
128981
128992
128996
129038
129043
129051
129063
129064
129067
129087
129115
129119
129121
129152
129154
129183
129200
129219
129222
129225
129229
129252
129253
129260
129262
129266
129273
129275
129284
129294
129303
129305
129308
129320
129369
129376
129391
129403
129425
129426
129436
129458
129481
129507
129508
129538
129546
129562
129598
129630
129641
129662
129663
129664
129709
129727
129729
129766
129771
129778
129782
129808
129816
129827
129847
129855
129858
129893
129905
129909
129917
129929
129933
129980
130010
130019
130025
130034
130037
130042
130061
130064
130066
130077
130083
130107
130124
130130
130141
130145
130146
130190
130193
130195
130196
130201
130229
130231
130236
130260
130294
130295
130304
130306
130310
130315
130317
130324
130325
130338
130355
130379
130380
130390
130394
130432
130481
130483
130488
130492
130564
130589
130592
130595
130621
130629
130631
130645
130646
130657
130658
130665
130683
130716
130718
130719
130724
130773
130811
130822
130823
130835
130853
130872
130899
130900
130907
130912
130929
130944
130963
130968
130974
130975
130980
130997
131006
131034
131042
131052
131068
131077
131096
131128
131139
131143
131150
131176
131182
131185
131187
131196
131199
131219
131270
131304
131312
131322
131324
131327
131331
131341
131348
131359
131387
131396
131399
131401
131404
131430
131449
131455
131460
131466
131470
131483
131486
131489
131490
131496
131513
131538
131561
131610
131611
131620
131623
131627
131635
131637
131645
131663
131666
131681
131682
131696
131713
131719
131755
131794
131812
131828
131839
131852
131890
131893
131896
131915
131921
131938
131939
131947
131951
131952
131958
131959
131980
131989
131994
132004
132006
132014
132023
132032
132041
132052
132088
132115
132128
132133
132136
132141
132156
132178
132187
132199
132213
132220
132222
132235
132302
132351
132357
132378
132394
132411
132423
132457
132464
132465
132473
132476
132483
132488
132496
132498
132520
132528
132532
132539
132540
132547
132549
132550
132556
132562
132564
132570
132575
132582
132593
132606
132631
132632
132671
132687
132696
132712
132715
132719
132726
132741
132744
132760
132766
132771
132783
132806
132822
132826
132845
132848
132875
132877
132890
132896
132934
132957
132991
132994
132998
133001
133026
133038
133041
133044
133078
133084
133096
133105
133128
133133
133162
133169
133190
133194
133200
133205
133216
133222
133238
133240
133245
133246
133262
133265
133272
133287
133288
133300
133304
133305
133313
133335
133337
133343
133366
133376
133393
133412
133464
133471
133509
133524
133527
133537
133564
133571
133581
133586
133598
133614
133625
133626
133640
133650
133674
133702
133735
133740
133746
133757
133758
133777
133779
133782
133819
133827
133851
133853
133858
133864
133883
133908
133926
133940
133954
133956
133971
133978
134003
134019
134023
134032
134035
134042
134055
134057
134067
134078
134083
134086
134104
134134
134153
134159
134189
134196
134198
134207
134235
134241
134246
134248
134256
134305
134306
134349
134369
134370
134380
134395
134396
134404
134407
134410
134417
134429
134431
134442
134458
134477
134479
134498
134505
134543
134554
134629
134636
134641
134647
134688
134692
134697
134698
134712
134726
134736
134738
134742
134747
134781
134799
134803
134805
134811
134814
134820
134861
134868
134885
134888
134890
134940
134957
134964
134966
134970
134985
134987
134995
135013
135044
135060
135074
135075
135099
135105
135111
135138
135142
135151
135167
135188
135197
135201
135212
135236
135245
135253
135260
135273
135278
135281
135284
135290
135294
135295
135307
135312
135318
135324
135340
135362
135369
135371
135386
135391
135401
135403
135412
135414
135416
135431
135461
135488
135490
135512
135520
135535
135552
135557
135560
135566
135589
135596
135603
135630
135703
135711
135727
135770
135774
135775
135810
135823
135853
135866
135873
135889
135909
135924
135929
135932
135938
135940
135968
135986
135987
135996
136001
136023
136053
136079
136095
136104
136106
136121
136122
136139
136143
136148
136188
136196
136202
136210
136220
136250
136256
136266
136277
136282
136287
136306
136307
136315
136348
136360
136374
136390
136402
136428
136434
136444
136445
136448
136449
136463
136466
136468
136469
136474
136514
136516
136530
136531
136533
136535
136539
136563
136587
136589
136614
136630
136646
136650
136666
136673
136684
136693
136700
136707
136708
136724
136731
136740
136751
136756
136758
136775
136781
136810
136821
136831
136847
136854
136878
136908
136918
136924
136941
136945
136949
136954
136958
136970
136977
137003
137016
137021
137024
137035
137066
137078
137084
137099
137111
137121
137123
137133
137140
137150
137181
137193
137201
137211
137217
137219
137231
137262
137265
137268
137313
137323
137337
137352
137356
137359
137367
137371
137375
137376
137392
137395
137409
137413
137432
137441
137456
137462
137466
137472
137502
137513
137521
137535
137548
137564
137566
137575
137590
137601
137615
137620
137631
137634
137693
137694
137722
137723
137749
137772
137823
137831
137836
137845
137854
137860
137868
137881
137926
137929
137961
137983
138002
138032
138039
138045
138076
138087
138090
138179
138181
138186
138188
138191
138216
138227
138236
138243
138262
138273
138288
138289
138322
138332
138334
138338
138340
138341
138350
138353
138357
138359
138409
138425
138429
138462
138467
138486
138512
138526
138535
138543
138547
138549
138562
138584
138589
138601
138605
138615
138639
138640
138682
138693
138695
138698
138703
138720
138730
138735
138744
138745
138757
138766
138773
138777
138780
138817
138832
138835
138846
138861
138891
138894
138919
138931
138933
138945
138955
138965
138974
138993
138994
139016
139039
139045
139056
139063
139075
139123
139136
139156
139180
139183
139216
139220
139235
139237
139258
139275
139321
139324
139352
139357
139368
139396
139415
139425
139464
139490
139522
139540
139563
139564
139570
139583
139612
139630
139635
139648
139652
139656
139682
139708
139716
139755
139761
139769
139772
139781
139790
139791
139796
139799
139807
139821
139841
139864
139867
139868
139895
139899
139923
139925
139929
139937
139965
139976
139981
139987
139988
140000
140002
140003
140006
140022
140047
140050
140058
140060
140068
140071
140079
140086
140088
140121
140141
140146
140147
140170
140175
140181
140185
140188
140189
140197
140203
140207
140215
140223
140229
140233
140266
140277
140295
140298
140300
140309
140323
140330
140335
140337
140342
140373
140381
140393
140402
140414
140431
140457
140490
140494
140497
140500
140519
140520
140521
140526
140531
140540
140544
140563
140564
140581
140583
140591
140600
140604
140605
140608
140635
140669
140670
140674
140699
140706
140743
140749
140765
140766
140774
140775
140791
140801
140809
140813
140826
140827
140874
140878
140882
140885
140901
140906
140960
140973
140987
141025
141057
141125
141142
141146
141153
141163
141193
141195
141203
141207
141226
141228
141253
141257
141292
141296
141356
141375
141391
141395
141409
141411
141412
141436
141438
141442
141454
141456
141461
141463
141488
141511
141512
141519
141531
141558
141577
141587
141592
141598
141607
141670
141671
141679
141704
141730
141742
141743
141771
141772
141778
141800
141820
141856
141899
141903
141904
141923
141959
141960
141974
141975
141999
142014
142023
142059
142065
142087
142088
142103
142105
142112
142116
142118
142175
142183
142193
142213
142214
142225
142229
142231
142232
142265
142269
142274
142285
142289
142341
142347
142359
142394
142398
142399
142405
142414
142421
142436
142463
142468
142476
142520
142526
142600
142601
142611
142619
142620
142621
142641
142661
142674
142689
142697
142704
142709
142714
142759
142762
142781
142787
142791
142793
142813
142841
142860
142870
142881
142891
142924
142933
142936
142945
142949
142968
142980
142982
143029
143045
143059
143066
143072
143077
143130
143131
143135
143139
143177
143229
143241
143248
143279
143280
143282
143286
143320
143325
143342
143352
143371
143401
143409
143426
143431
143445
143470
143475
143483
143512
143520
143528
143571
143586
143603
143606
143617
143625
143634
143642
143672
143691
143699
143714
143732
143734
143739
143747
143778
143781
143784
143791
143793
143795
143797
143805
143817
143818
143820
143850
143852
143859
143861
143873
143880
143882
143890
143899
143921
143923
143926
143948
143967
143970
143989
143990
144001
144041
144043
144044
144050
144068
144071
144075
144095
144108
144131
144133
144148
144150
144180
144195
144208
144225
144243
144270
144281
144308
144310
144315
144316
144335
144337
144341
144349
144367
144380
144398
144401
144405
144425
144435
144445
144450
144462
144474
144500
144513
144520
144548
144568
144579
144584
144587
144610
144616
144622
144634
144654
144668
144685
144691
144696
144702
144705
144727
144732
144738
144739
144746
144747
144754
144759
144761
144763
144773
144774
144780
144782
144835
144845
144849
144872
144874
144884
144896
144915
144923
144931
144941
144944
144948
144962
144989
145024
145031
145047
145051
145058
145088
145090
145092
145103
145106
145126
145127
145138
145168
145172
145193
145210
145213
145227
145229
145263
145277
145304
145319
145331
145341
145342
145346
145359
145375
145385
145396
145415
145417
145449
145451
145463
145477
145511
145514
145520
145533
145551
145564
145565
145566
145576
145583
145612
145642
145646
145663
145679
145681
145692
145695
145703
145705
145767
145779
145780
145782
145795
145800
145801
145805
145841
145866
145870
145876
145900
145901
145918
145922
145924
145931
145944
145946
145955
145984
146010
146012
146015
146023
146030
146042
146059
146067
146077
146080
146096
146123
146141
146145
146158
146180
146183
146189
146191
146203
146232
146238
146263
146276
146292
146311
146312
146333
146351
146353
146379
146380
146401
146422
146428
146430
146450
146492
146494
146495
146497
146502
146511
146517
146531
146532
146545
146551
146592
146594
146634
146637
146641
146642
146685
146714
146733
146772
146777
146779
146804
146814
146832
146842
146846
146852
146859
146866
146870
146873
146877
146879
146899
146905
146918
146928
146930
146934
146958
146989
147004
147015
147039
147042
147047
147065
147081
147087
147092
147093
147097
147130
147133
147137
147148
147160
147189
147215
147228
147229
147231
147242
147254
147265
147318
147350
147376
147396
147418
147422
147424
147428
147439
147441
147459
147469
147472
147474
147487
147504
147527
147543
147548
147591
147593
147596
147602
147624
147633
147634
147636
147653
147655
147657
147669
147676
147697
147707
147711
147719
147723
147725
147728
147738
147749
147798
147807
147810
147819
147852
147881
147892
147893
147907
147910
147914
147919
147938
147946
147948
147955
147963
147972
147988
147996
148015
148022
148033
148038
148042
148060
148068
148082
148101
148109
148117
148150
148152
148159
148173
148174
148178
148185
148198
148201
148203
148213
148246
148269
148274
148280
148282
148283
148285
148296
148299
148300
148311
148317
148320
148331
148357
148404
148413
148424
148438
148442
148446
148453
148454
148463
148501
148505
148519
148550
148551
148555
148598
148604
148616
148665
148668
148680
148692
148711
148730
148737
148740
148749
148752
148758
148761
148763
148780
148807
148823
148824
148827
148832
148834
148848
148861
148865
148878
148893
148904
148924
148929
148935
148945
148975
148988
148995
149011
149013
149052
149071
149073
149075
149084
149134
149169
149176
149202
149206
149211
149219
149223
149234
149247
149269
149270
149273
149292
149320
149324
149347
149351
149357
149363
149365
149373
149376
149378
149405
149411
149447
149451
149457
149458
149484
149490
149511
149518
149595
149603
149604
149613
149620
149632
149652
149657
149686
149698
149706
149730
149731
149741
149759
149787
149808
149810
149822
149831
149838
149842
149847
149850
149865
149872
149901
149905
149906
149964
149996
150010
150013
150039
150040
150080
150082
150092
150109
150115
150119
150153
150169
150182
150186
150190
150206
150218
150237
150242
150255
150262
150270
150288
150300
150301
150306
150308
150313
150320
150331
150334
150362
150367
150372
150390
150395
150400
150413
150418
150432
150452
150461
150475
150482
150483
150511
150512
150514
150519
150569
150593
150595
150608
150621
150636
150644
150646
150656
150664
150668
150671
150682
150693
150695
150702
150703
150706
150713
150718
150742
150748
150755
150770
150777
150778
150801
150824
150829
150855
150893
150894
150901
150912
150918
150936
150940
150956
150990
150992
151011
151019
151022
151030
151040
151053
151078
151097
151109
151140
151149
151151
151156
151167
151203
151206
